1
1
9
0
(16 0
((0,0,0) (31,7,7) (0,0,0))
((32,0,0) (63,7,7) (0,0,0))
((64,0,0) (95,7,7) (0,0,0))
((96,0,0) (127,7,7) (0,0,0))
((128,0,0) (159,7,7) (0,0,0))
((160,0,0) (191,7,7) (0,0,0))
((192,0,0) (223,7,7) (0,0,0))
((224,0,0) (255,7,7) (0,0,0))
((256,0,0) (287,7,7) (0,0,0))
((288,0,0) (319,7,7) (0,0,0))
((320,0,0) (351,7,7) (0,0,0))
((352,0,0) (383,7,7) (0,0,0))
((384,0,0) (415,7,7) (0,0,0))
((416,0,0) (447,7,7) (0,0,0))
((448,0,0) (479,7,7) (0,0,0))
((480,0,0) (511,7,7) (0,0,0))
)
16
FabOnDisk: Cell_D_00000 1770548
FabOnDisk: Cell_D_00000 0
FabOnDisk: Cell_D_00000 147544
FabOnDisk: Cell_D_00000 1918091
FabOnDisk: Cell_D_00000 295088
FabOnDisk: Cell_D_00000 442634
FabOnDisk: Cell_D_00000 590180
FabOnDisk: Cell_D_00000 737726
FabOnDisk: Cell_D_00000 2065636
FabOnDisk: Cell_D_00000 885272
FabOnDisk: Cell_D_00000 1032818
FabOnDisk: Cell_D_00000 2213182
FabOnDisk: Cell_D_00000 1180364
FabOnDisk: Cell_D_00000 1327910
FabOnDisk: Cell_D_00000 1475456
FabOnDisk: Cell_D_00000 1623002

16,9
1.00000000000000000e+00,0.00000000000000000e+00,0.00000000000000000e+00,-2.62447392086417218e-95,1.78125000000000000e+00,1.00000000000000000e+00,7.50000000000000000e-01,1.00000000000000000e+00,-3.64841653113629533e-95,
1.00000000000000000e+00,0.00000000000000000e+00,0.00000000000000000e+00,-1.07217022290495251e-77,1.78125000000000000e+00,1.00000000000000000e+00,7.50000000000000000e-01,1.00000000000000000e+00,-1.37557648259479483e-77,
1.00000000000000000e+00,0.00000000000000000e+00,0.00000000000000000e+00,-5.26857479163630009e-61,1.78125000000000000e+00,1.00000000000000000e+00,7.50000000000000000e-01,1.00000000000000000e+00,-6.54641322644614901e-61,
1.00000000000000000e+00,0.00000000000000000e+00,0.00000000000000000e+00,-6.35244844065928906e-44,1.78125000000000000e+00,1.00000000000000000e+00,7.50000000000000000e-01,1.00000000000000000e+00,-9.01742774565453521e-44,
1.00000000000000000e+00,0.00000000000000000e+00,0.00000000000000000e+00,-2.02653779384106984e-27,1.78125000000000000e+00,1.00000000000000000e+00,7.50000000000000000e-01,1.00000000000000000e+00,-2.67096646992106938e-27,
9.97289744045595894e-01,-7.29838549573801910e-08,-1.37486214235623522e-03,-4.61390705363874074e-18,1.77257256864267365e+00,9.94585707796929452e-01,7.50000000000000000e-01,9.96713093991911880e-01,-4.98490506091438793e-18,
7.10158446229452345e-01,1.41689575901886942e-02,-1.41646340983181074e-01,-8.38018723905259662e-18,1.11212729225674378e+00,5.03964109844090125e-01,7.50000000000000000e-01,6.31742158258729258e-01,-7.79529231670783302e-18,
6.73178791718341940e-01,3.85280971535398475e-01,-1.11150919326679332e+00,-4.45301952367180739e-18,1.06119603113499772e+00,4.52775959920351412e-01,7.50000000000000000e-01,-5.45683357654984214e-01,-1.03892148397119818e-17,
2.28729360068044091e-01,1.34450446076568697e-01,-1.11281416038607128e+00,-9.74266406367243691e-18,1.26222364167292955e+00,1.11152173642531590e-01,7.50000000000000000e-01,-5.39523467927546241e-01,-1.17850462647167451e-17,
1.16580863740653032e-01,-2.94310016961563323e-02,-3.77249865587953259e-01,-7.03236441621136933e-18,7.76357911473750995e-01,8.69686429459836791e-02,7.50000000000000000e-01,-9.02175385626822757e-01,-7.48962398661925469e-18,
1.16552598005429928e-01,-2.95176157582505705e-02,-2.06080885544204367e-02,-3.04333758766962722e-18,7.76055662667672785e-01,8.69282732412068465e-02,7.50000000000000000e-01,-9.10678423321002017e-01,-1.02820917817817783e-17,
1.15754892047762931e-01,-3.21425119245955862e-02,-2.25631280839306766e-02,-5.45200661712878517e-18,7.67100378976263597e-01,8.57462469458237786e-02,7.50000000000000000e-01,-9.84451534047815158e-01,-8.32198751006102262e-18,
1.24111545836979378e-01,-3.25494456358441401e-03,-2.16531850419892161e-03,-5.25503142396594228e-18,8.69300531710758939e-01,9.85824454582837212e-02,7.50000000000000000e-01,-1.00452854786381884e+00,-7.56325148307832829e-18,
1.25000000000000000e-01,9.74069089040942377e-18,0.00000000000000000e+00,4.96686819710804113e-19,8.81250000000000089e-01,1.00000000000000006e-01,7.50000000000000000e-01,-1.00000000000000000e+00,-7.57746140086933302e-18,
1.25000000000000000e-01,9.73934093410916518e-18,0.00000000000000000e+00,4.98160461300376216e-19,8.81250000000000089e-01,1.00000000000000006e-01,7.50000000000000000e-01,-1.00000000000000000e+00,-7.57801304879234801e-18,
1.24999999999999944e-01,9.73495168920024928e-18,-9.74710924622406184e-18,-7.86719392570045835e-18,8.81250000000000089e-01,9.99999999999999917e-02,7.50000000000000000e-01,-1.00000000000000000e+00,-3.12261789919699635e-17,

16,9
1.00000000000000000e+00,0.00000000000000000e+00,0.00000000000000000e+00,1.98874568967716135e-94,1.78125000000000000e+00,1.00000000000000000e+00,7.50000000000000000e-01,1.00000000000000000e+00,2.98244553261346596e-94,
1.00000000000000000e+00,0.00000000000000000e+00,0.00000000000000000e+00,1.96032389482337354e-77,1.78125000000000000e+00,1.00000000000000000e+00,7.50000000000000000e-01,1.00000000000000000e+00,2.07422849966006552e-77,
1.00000000000000000e+00,0.00000000000000000e+00,0.00000000000000000e+00,5.69666661513474511e-62,1.78125000000000000e+00,1.00000000000000000e+00,7.50000000000000000e-01,1.00000000000000000e+00,9.25953103143036416e-62,
1.00000000000000000e+00,0.00000000000000000e+00,0.00000000000000000e+00,8.66353492399521702e-45,1.78125000000000000e+00,1.00000000000000000e+00,7.50000000000000000e-01,1.00000000000000000e+00,1.15601573645261134e-44,
1.00000000000000000e+00,0.00000000000000000e+00,0.00000000000000000e+00,4.31687439808643504e-27,1.78125000000000000e+00,1.00000000000000000e+00,7.50000000000000000e-01,1.00000000000000000e+00,4.96121169933861841e-27,
1.00000004072114979e+00,4.84587255000858315e-03,2.06574887823244982e-08,4.53968053532503658e-18,1.78125013080778327e+00,1.00000008144230024e+00,7.50000000000000000e-01,1.00000004936547526e+00,8.18297441073506803e-18,
9.92044028404943989e-01,4.00404947013858981e-01,-4.03300519532673752e-03,3.27922262137277382e-18,1.75591593813370594e+00,9.84145605520946765e-01,7.50000000000000000e-01,9.90345595870118278e-01,5.00935706292609309e-18,
8.16606534537857365e-01,4.34804943499757401e-01,-1.45594378844097594e-01,5.41332893823399843e-18,1.94880258195936129e+00,6.81528738297212056e-01,7.50000000000000000e-01,6.20436222214376776e-01,1.19778651073575722e-17,
7.05023976027533195e-01,4.25503619179746939e-01,-3.62174601781500016e-01,7.68490309860920466e-18,1.95396543933557454e+00,4.87230129567811587e-01,7.50000000000000000e-01,-5.26042943463962742e-01,9.09333274116591783e-18,
2.38090332761959345e-01,1.46875106210457657e-01,-1.95936446904175186e-02,7.34309845167077465e-18,1.28955864858641189e+00,4.16385810398917866e-01,7.50000000000000000e-01,-5.29001219450404014e-01,1.85548184912904366e-17,
1.17655068993343034e-01,-2.58597458962927552e-02,-1.79210461119558122e-02,3.65689504890712847e-18,7.88718938277038872e-01,8.85823411131329286e-02,7.50000000000000000e-01,-8.96999430073338377e-01,1.35450926448656696e-17,
1.23704399257269962e-01,-4.73507043810061142e-03,-3.15753414323424481e-03,3.23672610299852263e-18,8.63893236931193687e-01,9.79363525750475417e-02,7.50000000000000000e-01,-8.87055527378177278e-01,2.09240732720005963e-17,
1.25378631702458665e-01,1.39794553341587055e-03,9.22709939340685169e-04,4.95960383870590741e-19,8.86406880746641646e-01,1.00606584093979490e-01,7.50000000000000000e-01,-9.89346322819318669e-01,2.28957024235567068e-17,
1.25000000000000000e-01,9.75573867900817959e-18,0.00000000000000000e+00,5.00062711551874765e-19,8.81250000000000089e-01,1.00000000000000006e-01,7.50000000000000000e-01,-1.00000000000000000e+00,-7.56510369669734117e-18,
1.25000000000000000e-01,9.75625414378707192e-18,0.00000000000000000e+00,4.99756580152850416e-19,8.81250000000000089e-01,1.00000000000000006e-01,7.50000000000000000e-01,-1.00000000000000000e+00,-7.56759797970779265e-18,
1.25000000000000000e-01,5.83854043361138533e-17,9.75399299986710410e-18,7.29247323804014286e-18,8.81250000000000311e-01,1.00000000000000255e-01,7.50000000000000000e-01,-1.00000000000000000e+00,-7.56618451881287475e-18,

