1
1
9
0
(16 0
((0,0,0) (31,7,7) (0,0,0))
((32,0,0) (63,7,7) (0,0,0))
((64,0,0) (95,7,7) (0,0,0))
((96,0,0) (127,7,7) (0,0,0))
((128,0,0) (159,7,7) (0,0,0))
((160,0,0) (191,7,7) (0,0,0))
((192,0,0) (223,7,7) (0,0,0))
((224,0,0) (255,7,7) (0,0,0))
((256,0,0) (287,7,7) (0,0,0))
((288,0,0) (319,7,7) (0,0,0))
((320,0,0) (351,7,7) (0,0,0))
((352,0,0) (383,7,7) (0,0,0))
((384,0,0) (415,7,7) (0,0,0))
((416,0,0) (447,7,7) (0,0,0))
((448,0,0) (479,7,7) (0,0,0))
((480,0,0) (511,7,7) (0,0,0))
)
16
FabOnDisk: Cell_D_00000 1770548
FabOnDisk: Cell_D_00000 0
FabOnDisk: Cell_D_00000 147544
FabOnDisk: Cell_D_00000 1918091
FabOnDisk: Cell_D_00000 295088
FabOnDisk: Cell_D_00000 442634
FabOnDisk: Cell_D_00000 590180
FabOnDisk: Cell_D_00000 737726
FabOnDisk: Cell_D_00000 2065636
FabOnDisk: Cell_D_00000 885272
FabOnDisk: Cell_D_00000 1032818
FabOnDisk: Cell_D_00000 2213182
FabOnDisk: Cell_D_00000 1180364
FabOnDisk: Cell_D_00000 1327910
FabOnDisk: Cell_D_00000 1475456
FabOnDisk: Cell_D_00000 1623002

16,9
1.00000000000000000e+00,0.00000000000000000e+00,0.00000000000000000e+00,0.00000000000000000e+00,1.78125000000000000e+00,1.00000000000000000e+00,7.50000000000000000e-01,1.00000000000000000e+00,0.00000000000000000e+00,
1.00000000000000000e+00,0.00000000000000000e+00,0.00000000000000000e+00,0.00000000000000000e+00,1.78125000000000000e+00,1.00000000000000000e+00,7.50000000000000000e-01,1.00000000000000000e+00,0.00000000000000000e+00,
1.00000000000000000e+00,0.00000000000000000e+00,0.00000000000000000e+00,0.00000000000000000e+00,1.78125000000000000e+00,1.00000000000000000e+00,7.50000000000000000e-01,1.00000000000000000e+00,0.00000000000000000e+00,
1.00000000000000000e+00,0.00000000000000000e+00,0.00000000000000000e+00,0.00000000000000000e+00,1.78125000000000000e+00,1.00000000000000000e+00,7.50000000000000000e-01,1.00000000000000000e+00,0.00000000000000000e+00,
9.99984713518320412e-01,-1.34446269580370241e-08,-7.75469716070865097e-06,0.00000000000000000e+00,1.78120089630069911e+00,9.99969427257919374e-01,7.50000000000000000e-01,9.99981468443308708e-01,0.00000000000000000e+00,
8.12689000293490560e-01,2.73853325549289100e-05,-9.25654591386017717e-02,0.00000000000000000e+00,1.29184589045412701e+00,6.60288784951065577e-01,7.50000000000000000e-01,7.67061352943307240e-01,0.00000000000000000e+00,
6.74389280152206450e-01,2.94884038360478717e-01,-1.58749505139251984e-01,0.00000000000000000e+00,1.06275729942644803e+00,4.54514746525984226e-01,7.50000000000000000e-01,5.82295320183418230e-01,0.00000000000000000e+00,
6.76340065923006550e-01,3.76513092805232430e-01,-1.11185603929420807e+00,0.00000000000000000e+00,1.06544359270865963e+00,4.57054107962412193e-01,7.50000000000000000e-01,-5.40025513349711495e-01,0.00000000000000000e+00,
2.91253407566852363e-01,1.77481266639116370e-01,-1.11273327318262316e+00,0.00000000000000000e+00,1.36436116653987849e+00,1.30031648002046113e-01,7.50000000000000000e-01,-5.39011500360811802e-01,0.00000000000000000e+00,
2.29279195750490355e-01,1.35651657189469893e-01,-3.82844113150605847e-01,0.00000000000000000e+00,1.26453335340733086e+00,3.50616865340304840e-01,7.50000000000000000e-01,-5.37347788628791956e-01,0.00000000000000000e+00,
1.16573573163626237e-01,-2.94526733755366560e-02,-3.75935719028713033e-01,0.00000000000000000e+00,7.76296085903247390e-01,8.69605576832795379e-02,7.50000000000000000e-01,-9.07998255998739401e-01,0.00000000000000000e+00,
1.16488288419124147e-01,-2.97343461964197538e-02,-2.07682249294837452e-02,0.00000000000000000e+00,7.75329906566485261e-01,8.68356204492240352e-02,7.50000000000000000e-01,-9.07730220112333619e-01,0.00000000000000000e+00,
1.16009547453318387e-01,-3.13092558438107932e-02,-2.19397780098878302e-02,0.00000000000000000e+00,7.69942090431108617e-01,8.61259965416067558e-02,7.50000000000000000e-01,-9.10584250421384356e-01,0.00000000000000000e+00,
1.15929051424413801e-01,-3.15731159824609448e-02,-2.21368347461291352e-02,0.00000000000000000e+00,7.69041825545302649e-01,8.60065277721806104e-02,7.50000000000000000e-01,-1.00607317606553837e+00,0.00000000000000000e+00,
1.24872905412888008e-01,-4.67808360061111735e-04,-3.09730311412543841e-04,0.00000000000000000e+00,8.79527582102565542e-01,9.97967333785790139e-02,7.50000000000000000e-01,-1.00627406482864967e+00,0.00000000000000000e+00,
1.25000000000000000e-01,9.73300802233940038e-18,0.00000000000000000e+00,0.00000000000000000e+00,8.81250000000000089e-01,9.99999999999999917e-02,7.50000000000000000e-01,-1.00000000000000000e+00,0.00000000000000000e+00,

16,9
1.00000000000000000e+00,0.00000000000000000e+00,0.00000000000000000e+00,0.00000000000000000e+00,1.78125000000000000e+00,1.00000000000000000e+00,7.50000000000000000e-01,1.00000000000000000e+00,0.00000000000000000e+00,
1.00000000000000000e+00,0.00000000000000000e+00,0.00000000000000000e+00,0.00000000000000000e+00,1.78125000000000000e+00,1.00000000000000000e+00,7.50000000000000000e-01,1.00000000000000000e+00,0.00000000000000000e+00,
1.00000000000000000e+00,0.00000000000000000e+00,0.00000000000000000e+00,0.00000000000000000e+00,1.78125000000000000e+00,1.00000000000000000e+00,7.50000000000000000e-01,1.00000000000000000e+00,0.00000000000000000e+00,
1.00000000000000000e+00,0.00000000000000000e+00,0.00000000000000000e+00,0.00000000000000000e+00,1.78125000000000000e+00,1.00000000000000000e+00,7.50000000000000000e-01,1.00000000000000000e+00,0.00000000000000000e+00,
1.00000000750139550e+00,2.73973980168323683e-05,3.80538939582757861e-09,0.00000000000000000e+00,1.78125002409658317e+00,1.00000001500278901e+00,7.50000000000000000e-01,1.00000000909379594e+00,0.00000000000000000e+00,
9.99984720251093195e-01,2.86964232453013335e-01,-7.75128085736413706e-06,0.00000000000000000e+00,1.78120091792811985e+00,9.99969440722091485e-01,7.50000000000000000e-01,9.99981476604486108e-01,0.00000000000000000e+00,
8.06369409991133157e-01,4.32205568434846366e-01,-9.56113881809919908e-02,0.00000000000000000e+00,1.27906296691195021e+00,6.50051805275026595e-01,7.50000000000000000e-01,7.58933033945079272e-01,0.00000000000000000e+00,
8.20931189659915073e-01,4.35303580446216198e-01,-1.56905435212085470e-01,0.00000000000000000e+00,1.95013875876502207e+00,6.63396936073364030e-01,7.50000000000000000e-01,5.87692021176174806e-01,0.00000000000000000e+00,
7.03636380876874412e-01,4.25699827869095937e-01,-4.60393933790419096e-01,0.00000000000000000e+00,1.95352678104146582e+00,4.89043574705370521e-01,7.50000000000000000e-01,-5.30325406848737524e-01,0.00000000000000000e+00,
2.42536653117352924e-01,1.46846254903614165e-01,-3.62401973078168349e-01,0.00000000000000000e+00,1.28817253411281629e+00,4.15430774444044137e-01,7.50000000000000000e-01,-5.29698707867259255e-01,0.00000000000000000e+00,
2.36275255209340396e-01,1.44367672958295973e-01,-1.84444906250277735e-02,0.00000000000000000e+00,1.28524644884380179e+00,4.14679928688488297e-01,7.50000000000000000e-01,-5.27533130943568462e-01,0.00000000000000000e+00,
1.17416858815818467e-01,-2.66496112066412078e-02,-1.84973859900826876e-02,0.00000000000000000e+00,7.85953884968797034e-01,8.82240356461306552e-02,7.50000000000000000e-01,-8.96201204174036703e-01,0.00000000000000000e+00,
1.17647399299518757e-01,-2.58776904702564467e-02,-1.79338109391642166e-02,0.00000000000000000e+00,7.88626835722337161e-01,8.85741394495913742e-02,7.50000000000000000e-01,-8.90235457680072395e-01,0.00000000000000000e+00,
1.25507908929802070e-01,1.87671401154906100e-03,1.23775976003077394e-03,0.00000000000000000e+00,8.88176353475090830e-01,1.00814027558058961e-01,7.50000000000000000e-01,-8.89230786597890455e-01,0.00000000000000000e+00,
1.25524724893719020e-01,1.93903553339618505e-03,1.27871870121922557e-03,0.00000000000000000e+00,8.88406819269817127e-01,1.00841054472783048e-01,7.50000000000000000e-01,-9.98478372141875070e-01,0.00000000000000000e+00,
1.25000000000000000e-01,8.28837833124754314e-17,0.00000000000000000e+00,0.00000000000000000e+00,8.81250000000000089e-01,1.00000000000000172e-01,7.50000000000000000e-01,-1.00000000000000000e+00,0.00000000000000000e+00,

