1
1
9
0
(16 0
((0,0,0) (31,7,7) (0,0,0))
((32,0,0) (63,7,7) (0,0,0))
((64,0,0) (95,7,7) (0,0,0))
((96,0,0) (127,7,7) (0,0,0))
((128,0,0) (159,7,7) (0,0,0))
((160,0,0) (191,7,7) (0,0,0))
((192,0,0) (223,7,7) (0,0,0))
((224,0,0) (255,7,7) (0,0,0))
((256,0,0) (287,7,7) (0,0,0))
((288,0,0) (319,7,7) (0,0,0))
((320,0,0) (351,7,7) (0,0,0))
((352,0,0) (383,7,7) (0,0,0))
((384,0,0) (415,7,7) (0,0,0))
((416,0,0) (447,7,7) (0,0,0))
((448,0,0) (479,7,7) (0,0,0))
((480,0,0) (511,7,7) (0,0,0))
)
16
FabOnDisk: Cell_D_00000 1770548
FabOnDisk: Cell_D_00000 0
FabOnDisk: Cell_D_00000 147544
FabOnDisk: Cell_D_00000 1918091
FabOnDisk: Cell_D_00000 295088
FabOnDisk: Cell_D_00000 442634
FabOnDisk: Cell_D_00000 590180
FabOnDisk: Cell_D_00000 737726
FabOnDisk: Cell_D_00000 2065636
FabOnDisk: Cell_D_00000 885272
FabOnDisk: Cell_D_00000 1032818
FabOnDisk: Cell_D_00000 2213182
FabOnDisk: Cell_D_00000 1180364
FabOnDisk: Cell_D_00000 1327910
FabOnDisk: Cell_D_00000 1475456
FabOnDisk: Cell_D_00000 1623002

16,9
1.00000000000000000e+00,0.00000000000000000e+00,0.00000000000000000e+00,0.00000000000000000e+00,1.78125000000000000e+00,1.00000000000000000e+00,7.50000000000000000e-01,1.00000000000000000e+00,0.00000000000000000e+00,
1.00000000000000000e+00,0.00000000000000000e+00,0.00000000000000000e+00,0.00000000000000000e+00,1.78125000000000000e+00,1.00000000000000000e+00,7.50000000000000000e-01,1.00000000000000000e+00,0.00000000000000000e+00,
1.00000000000000000e+00,0.00000000000000000e+00,0.00000000000000000e+00,0.00000000000000000e+00,1.78125000000000000e+00,1.00000000000000000e+00,7.50000000000000000e-01,1.00000000000000000e+00,0.00000000000000000e+00,
1.00000000000000000e+00,0.00000000000000000e+00,0.00000000000000000e+00,0.00000000000000000e+00,1.78125000000000000e+00,1.00000000000000000e+00,7.50000000000000000e-01,1.00000000000000000e+00,0.00000000000000000e+00,
1.00000000000000000e+00,0.00000000000000000e+00,0.00000000000000000e+00,0.00000000000000000e+00,1.78125000000000000e+00,1.00000000000000000e+00,7.50000000000000000e-01,1.00000000000000000e+00,0.00000000000000000e+00,
1.00000000000000000e+00,0.00000000000000000e+00,0.00000000000000000e+00,0.00000000000000000e+00,1.78125000000000000e+00,1.00000000000000000e+00,7.50000000000000000e-01,1.00000000000000000e+00,0.00000000000000000e+00,
9.92244961613691800e-01,-3.75119578033857380e-07,-3.93806085504503234e-03,0.00000000000000000e+00,1.75656247123633280e+00,9.84541786738889591e-01,7.50000000000000000e-01,9.90575795045677832e-01,0.00000000000000000e+00,
6.73149615403173973e-01,3.52131592879222563e-02,-1.11587428989612625e+00,0.00000000000000000e+00,1.06146246326009441e+00,4.52252901118957995e-01,7.50000000000000000e-01,-5.39907608275568385e-01,0.00000000000000000e+00,
1.16856969396430296e-01,-2.85487997081423986e-02,-1.12200552415917221e+00,0.00000000000000000e+00,7.78224773204087450e-01,3.54306461986587662e-02,7.50000000000000000e-01,-9.00792544126984951e-01,0.00000000000000000e+00,
1.15621864621380938e-01,-3.25754617736779689e-02,-2.28884489386884347e-02,0.00000000000000000e+00,7.65622975760492208e-01,8.55432836725920909e-02,7.50000000000000000e-01,-9.86401522401051833e-01,0.00000000000000000e+00,
1.24637837654817285e-01,-1.33027280820161562e-03,-8.84242724938273401e-04,0.00000000000000000e+00,8.76357385146228296e-01,9.94196782315224653e-02,7.50000000000000000e-01,-1.00795258823800582e+00,0.00000000000000000e+00,
1.25000000000000000e-01,0.00000000000000000e+00,0.00000000000000000e+00,0.00000000000000000e+00,8.81249999999999978e-01,1.00000000000000006e-01,7.50000000000000000e-01,-1.00000000000000000e+00,0.00000000000000000e+00,
1.25000000000000000e-01,0.00000000000000000e+00,0.00000000000000000e+00,0.00000000000000000e+00,8.81249999999999978e-01,1.00000000000000006e-01,7.50000000000000000e-01,-1.00000000000000000e+00,0.00000000000000000e+00,
1.25000000000000000e-01,0.00000000000000000e+00,0.00000000000000000e+00,0.00000000000000000e+00,8.81249999999999978e-01,1.00000000000000006e-01,7.50000000000000000e-01,-1.00000000000000000e+00,0.00000000000000000e+00,
1.25000000000000000e-01,0.00000000000000000e+00,0.00000000000000000e+00,0.00000000000000000e+00,8.81249999999999978e-01,1.00000000000000006e-01,7.50000000000000000e-01,-1.00000000000000000e+00,0.00000000000000000e+00,
1.25000000000000000e-01,0.00000000000000000e+00,0.00000000000000000e+00,0.00000000000000000e+00,8.81249999999999978e-01,1.00000000000000006e-01,7.50000000000000000e-01,-1.00000000000000000e+00,0.00000000000000000e+00,

16,9
1.00000000000000000e+00,0.00000000000000000e+00,0.00000000000000000e+00,0.00000000000000000e+00,1.78125000000000000e+00,1.00000000000000000e+00,7.50000000000000000e-01,1.00000000000000000e+00,0.00000000000000000e+00,
1.00000000000000000e+00,0.00000000000000000e+00,0.00000000000000000e+00,0.00000000000000000e+00,1.78125000000000000e+00,1.00000000000000000e+00,7.50000000000000000e-01,1.00000000000000000e+00,0.00000000000000000e+00,
1.00000000000000000e+00,0.00000000000000000e+00,0.00000000000000000e+00,0.00000000000000000e+00,1.78125000000000000e+00,1.00000000000000000e+00,7.50000000000000000e-01,1.00000000000000000e+00,0.00000000000000000e+00,
1.00000000000000000e+00,0.00000000000000000e+00,0.00000000000000000e+00,0.00000000000000000e+00,1.78125000000000000e+00,1.00000000000000000e+00,7.50000000000000000e-01,1.00000000000000000e+00,0.00000000000000000e+00,
1.00000000000000000e+00,0.00000000000000000e+00,0.00000000000000000e+00,0.00000000000000000e+00,1.78125000000000000e+00,1.00000000000000000e+00,7.50000000000000000e-01,1.00000000000000000e+00,0.00000000000000000e+00,
1.00000000000000000e+00,0.00000000000000000e+00,0.00000000000000000e+00,0.00000000000000000e+00,1.78125000000000000e+00,1.00000000000000000e+00,7.50000000000000000e-01,1.00000000000000000e+00,0.00000000000000000e+00,
1.00000020929741318e+00,1.38074207174591779e-02,1.06173322123303828e-07,0.00000000000000000e+00,1.78125067232057543e+00,1.00000041859486521e+00,7.50000000000000000e-01,1.00000025372578794e+00,0.00000000000000000e+00,
9.80039667367177514e-01,4.36203873788952590e-01,-1.01156331650675210e-02,0.00000000000000000e+00,1.95045766104912843e+00,9.60444145511445857e-01,7.50000000000000000e-01,9.75718650063164272e-01,0.00000000000000000e+00,
7.06616334954394576e-01,4.22617257015776626e-01,-1.98806242641592079e-02,0.00000000000000000e+00,1.95292333870563528e+00,4.89150973463086891e-01,7.50000000000000000e-01,-5.29442875408722258e-01,0.00000000000000000e+00,
1.23867203820426139e-01,-4.14333062280168064e-03,-2.76260270906754368e-03,0.00000000000000000e+00,8.66053478219226514e-01,9.81927260786266826e-02,7.50000000000000000e-01,-8.85391351037738028e-01,0.00000000000000000e+00,
1.25665427351110082e-01,2.46112308581711509e-03,1.62126655031433827e-03,0.00000000000000000e+00,8.90338461474474818e-01,1.01067065866459541e-01,7.50000000000000000e-01,-9.95654432136861223e-01,0.00000000000000000e+00,
1.25000000000000000e-01,0.00000000000000000e+00,0.00000000000000000e+00,0.00000000000000000e+00,8.81249999999999978e-01,1.00000000000000006e-01,7.50000000000000000e-01,-1.00000000000000000e+00,0.00000000000000000e+00,
1.25000000000000000e-01,0.00000000000000000e+00,0.00000000000000000e+00,0.00000000000000000e+00,8.81249999999999978e-01,1.00000000000000006e-01,7.50000000000000000e-01,-1.00000000000000000e+00,0.00000000000000000e+00,
1.25000000000000000e-01,0.00000000000000000e+00,0.00000000000000000e+00,0.00000000000000000e+00,8.81249999999999978e-01,1.00000000000000006e-01,7.50000000000000000e-01,-1.00000000000000000e+00,0.00000000000000000e+00,
1.25000000000000000e-01,0.00000000000000000e+00,0.00000000000000000e+00,0.00000000000000000e+00,8.81249999999999978e-01,1.00000000000000006e-01,7.50000000000000000e-01,-1.00000000000000000e+00,0.00000000000000000e+00,
1.25000000000000000e-01,0.00000000000000000e+00,0.00000000000000000e+00,0.00000000000000000e+00,8.81249999999999978e-01,1.00000000000000006e-01,7.50000000000000000e-01,-1.00000000000000000e+00,0.00000000000000000e+00,

