1
1
9
0
(16 0
((0,0,0) (31,7,7) (0,0,0))
((32,0,0) (63,7,7) (0,0,0))
((64,0,0) (95,7,7) (0,0,0))
((96,0,0) (127,7,7) (0,0,0))
((128,0,0) (159,7,7) (0,0,0))
((160,0,0) (191,7,7) (0,0,0))
((192,0,0) (223,7,7) (0,0,0))
((224,0,0) (255,7,7) (0,0,0))
((256,0,0) (287,7,7) (0,0,0))
((288,0,0) (319,7,7) (0,0,0))
((320,0,0) (351,7,7) (0,0,0))
((352,0,0) (383,7,7) (0,0,0))
((384,0,0) (415,7,7) (0,0,0))
((416,0,0) (447,7,7) (0,0,0))
((448,0,0) (479,7,7) (0,0,0))
((480,0,0) (511,7,7) (0,0,0))
)
16
FabOnDisk: Cell_D_00000 1770548
FabOnDisk: Cell_D_00000 0
FabOnDisk: Cell_D_00000 147544
FabOnDisk: Cell_D_00000 1918091
FabOnDisk: Cell_D_00000 295088
FabOnDisk: Cell_D_00000 442634
FabOnDisk: Cell_D_00000 590180
FabOnDisk: Cell_D_00000 737726
FabOnDisk: Cell_D_00000 2065636
FabOnDisk: Cell_D_00000 885272
FabOnDisk: Cell_D_00000 1032818
FabOnDisk: Cell_D_00000 2213182
FabOnDisk: Cell_D_00000 1180364
FabOnDisk: Cell_D_00000 1327910
FabOnDisk: Cell_D_00000 1475456
FabOnDisk: Cell_D_00000 1623002

16,9
1.00000000000000000e+00,0.00000000000000000e+00,0.00000000000000000e+00,-5.34006401319584106e-120,1.78125000000000000e+00,1.00000000000000000e+00,7.50000000000000000e-01,1.00000000000000000e+00,-6.23561069456734189e-120,
1.00000000000000000e+00,0.00000000000000000e+00,0.00000000000000000e+00,-7.04892069531845488e-100,1.78125000000000000e+00,1.00000000000000000e+00,7.50000000000000000e-01,1.00000000000000000e+00,-9.24737352981521630e-100,
1.00000000000000000e+00,0.00000000000000000e+00,0.00000000000000000e+00,-6.96176194056880558e-81,1.78125000000000000e+00,1.00000000000000000e+00,7.50000000000000000e-01,1.00000000000000000e+00,-8.75943307597385944e-81,
1.00000000000000000e+00,0.00000000000000000e+00,0.00000000000000000e+00,-7.14154090541967904e-64,1.78125000000000000e+00,1.00000000000000000e+00,7.50000000000000000e-01,1.00000000000000000e+00,-1.10359468875103401e-63,
1.00000000000000000e+00,0.00000000000000000e+00,0.00000000000000000e+00,-1.77657101626756208e-45,1.78125000000000000e+00,1.00000000000000000e+00,7.50000000000000000e-01,1.00000000000000000e+00,-2.71482830208095059e-45,
1.00000000000000000e+00,0.00000000000000000e+00,0.00000000000000000e+00,-1.35488529100985760e-27,1.78125000000000000e+00,1.00000000000000000e+00,7.50000000000000000e-01,1.00000000000000000e+00,-1.80363854831573183e-27,
9.94062901005205779e-01,-4.91159227518159026e-07,-3.04864127347169748e-03,-2.44936149986979180e-17,1.76230468725090561e+00,9.88155061994743678e-01,7.50000000000000000e-01,9.92748465169198901e-01,-4.32366520037636885e-17,
6.74945137884572888e-01,3.03541297903023900e-02,-1.12564360815822706e+00,-4.39100731520327045e-17,1.06361491005637054e+00,4.54653513283184096e-01,7.50000000000000000e-01,-5.46054115442569876e-01,-6.67737278175516854e-17,
1.15417192069804123e-01,-3.19309333119223021e-02,-1.13693558849206267e+00,-2.90977317735642736e-17,7.50624510070956208e-01,2.92670185650192489e-02,7.50000000000000000e-01,-9.01477150084936341e-01,-5.84597925831048252e-17,
1.15506467416741226e-01,-3.29493482656483400e-02,-2.31687559640881245e-02,-1.72513520203247478e-17,7.64352685771369722e-01,8.53682945588567221e-02,7.50000000000000000e-01,-9.96301351856086703e-01,-6.69904092257566800e-17,
1.24888457005002507e-01,-4.12382218920667222e-04,-2.74391236667558241e-04,-9.56364587687826572e-18,8.79732643715983698e-01,9.98215812789952917e-02,7.50000000000000000e-01,-1.01568937534371950e+00,-2.80755284440382356e-17,
1.25000000000000000e-01,0.00000000000000000e+00,0.00000000000000000e+00,-1.00677993564552599e-24,8.81249999999999978e-01,1.00000000000000006e-01,7.50000000000000000e-01,-1.00000000000000000e+00,-1.59931872141400261e-23,
1.25000000000000000e-01,0.00000000000000000e+00,0.00000000000000000e+00,-2.89831644739760462e-38,8.81249999999999978e-01,1.00000000000000006e-01,7.50000000000000000e-01,-1.00000000000000000e+00,-1.18457276503986983e-38,
1.25000000000000000e-01,0.00000000000000000e+00,0.00000000000000000e+00,-5.45338510787857216e-54,8.81249999999999978e-01,1.00000000000000006e-01,7.50000000000000000e-01,-1.00000000000000000e+00,-9.15600126835193942e-53,
1.25000000000000000e-01,0.00000000000000000e+00,0.00000000000000000e+00,-5.72341389503910394e-70,8.81249999999999978e-01,1.00000000000000006e-01,7.50000000000000000e-01,-1.00000000000000000e+00,-1.66541707636792928e-68,
1.25000000000000000e-01,0.00000000000000000e+00,0.00000000000000000e+00,-3.32565105101971809e-85,8.81249999999999978e-01,1.00000000000000006e-01,7.50000000000000000e-01,-1.00000000000000000e+00,-1.28087843472927314e-85,

16,9
1.00000000000000000e+00,0.00000000000000000e+00,0.00000000000000000e+00,1.67027635846280398e-120,1.78125000000000000e+00,1.00000000000000000e+00,7.50000000000000000e-01,1.00000000000000000e+00,2.45430579630698693e-120,
1.00000000000000000e+00,0.00000000000000000e+00,0.00000000000000000e+00,6.71082822329313985e-101,1.78125000000000000e+00,1.00000000000000000e+00,7.50000000000000000e-01,1.00000000000000000e+00,1.16633146510729858e-100,
1.00000000000000000e+00,0.00000000000000000e+00,0.00000000000000000e+00,9.44644252347690553e-82,1.78125000000000000e+00,1.00000000000000000e+00,7.50000000000000000e-01,1.00000000000000000e+00,1.48556964560493198e-81,
1.00000000000000000e+00,0.00000000000000000e+00,0.00000000000000000e+00,5.10903758281461386e-63,1.78125000000000000e+00,1.00000000000000000e+00,7.50000000000000000e-01,1.00000000000000000e+00,8.93951960784619615e-63,
1.00000000000000000e+00,0.00000000000000000e+00,0.00000000000000000e+00,2.00885708145937193e-46,1.78125000000000000e+00,1.00000000000000000e+00,7.50000000000000000e-01,1.00000000000000000e+00,2.90822318082914743e-46,
1.00000000000000000e+00,0.00000000000000000e+00,0.00000000000000000e+00,1.79957876079770121e-27,1.78125000000000000e+00,1.00000000000000000e+00,7.50000000000000000e-01,1.00000000000000000e+00,1.87856316416818238e-27,
1.00000027531433311e+00,1.05833828016195144e-02,1.17591113340740493e-07,2.22424023752568588e-17,1.78125086325761806e+00,1.00000055062873683e+00,7.50000000000000000e-01,1.00000028122684315e+00,3.04913156229799005e-17,
9.82831491588887496e-01,4.33728270353348599e-01,-8.71794860643755436e-03,6.04329873907473818e-17,1.98351902645360334e+00,9.65929668175068312e-01,7.50000000000000000e-01,9.79090548806272887e-01,5.78406041118346795e-17,
7.16108469080566135e-01,4.31549142394078988e-01,-1.97153497441076228e-02,3.34889984314387547e-17,1.97233658097429476e+00,4.95286845536805076e-01,7.50000000000000000e-01,-5.24097229573082024e-01,4.74332809056688482e-17,
1.24691591519813905e-01,-1.13192939732870840e-03,-7.52478539459090247e-04,1.80341298687870055e-17,8.77090034098294224e-01,9.95020341999948155e-02,7.50000000000000000e-01,-8.83953962512408986e-01,7.73651238176195330e-17,
1.26312973283986690e-01,4.87544928211897446e-03,3.20182757637811838e-03,1.59998155507302839e-17,8.99298893742512040e-01,1.02109756138870827e-01,7.50000000000000000e-01,-9.98644424004914821e-01,4.02462848239059553e-17,
1.25000000000000000e-01,0.00000000000000000e+00,0.00000000000000000e+00,5.18091869107273679e-24,8.81249999999999978e-01,1.00000000000000006e-01,7.50000000000000000e-01,-1.00000000000000000e+00,3.10783663735090618e-24,
1.25000000000000000e-01,0.00000000000000000e+00,0.00000000000000000e+00,3.82223929295561968e-39,8.81249999999999978e-01,1.00000000000000006e-01,7.50000000000000000e-01,-1.00000000000000000e+00,9.08519218122065433e-38,
1.25000000000000000e-01,0.00000000000000000e+00,0.00000000000000000e+00,2.91874148270225077e-53,8.81249999999999978e-01,1.00000000000000006e-01,7.50000000000000000e-01,-1.00000000000000000e+00,1.83647414382503052e-53,
1.25000000000000000e-01,0.00000000000000000e+00,0.00000000000000000e+00,5.23458272869708077e-69,8.81249999999999978e-01,1.00000000000000006e-01,7.50000000000000000e-01,-1.00000000000000000e+00,1.78213949297558156e-69,
1.25000000000000000e-01,0.00000000000000000e+00,0.00000000000000000e+00,3.57019697696395902e-86,8.81249999999999978e-01,1.00000000000000006e-01,7.50000000000000000e-01,-1.00000000000000000e+00,1.04523515745997298e-84,

