1
1
9
0
(16 0
((0,0,0) (31,7,7) (0,0,0))
((32,0,0) (63,7,7) (0,0,0))
((64,0,0) (95,7,7) (0,0,0))
((96,0,0) (127,7,7) (0,0,0))
((128,0,0) (159,7,7) (0,0,0))
((160,0,0) (191,7,7) (0,0,0))
((192,0,0) (223,7,7) (0,0,0))
((224,0,0) (255,7,7) (0,0,0))
((256,0,0) (287,7,7) (0,0,0))
((288,0,0) (319,7,7) (0,0,0))
((320,0,0) (351,7,7) (0,0,0))
((352,0,0) (383,7,7) (0,0,0))
((384,0,0) (415,7,7) (0,0,0))
((416,0,0) (447,7,7) (0,0,0))
((448,0,0) (479,7,7) (0,0,0))
((480,0,0) (511,7,7) (0,0,0))
)
16
FabOnDisk: Cell_D_00000 1770548
FabOnDisk: Cell_D_00000 0
FabOnDisk: Cell_D_00000 147544
FabOnDisk: Cell_D_00000 1918091
FabOnDisk: Cell_D_00000 295088
FabOnDisk: Cell_D_00000 442634
FabOnDisk: Cell_D_00000 590180
FabOnDisk: Cell_D_00000 737726
FabOnDisk: Cell_D_00000 2065636
FabOnDisk: Cell_D_00000 885272
FabOnDisk: Cell_D_00000 1032818
FabOnDisk: Cell_D_00000 2213182
FabOnDisk: Cell_D_00000 1180364
FabOnDisk: Cell_D_00000 1327910
FabOnDisk: Cell_D_00000 1475456
FabOnDisk: Cell_D_00000 1623002

16,9
1.00000000000000000e+00,0.00000000000000000e+00,0.00000000000000000e+00,0.00000000000000000e+00,1.78125000000000000e+00,1.00000000000000000e+00,7.50000000000000000e-01,1.00000000000000000e+00,0.00000000000000000e+00,
1.00000000000000000e+00,0.00000000000000000e+00,0.00000000000000000e+00,0.00000000000000000e+00,1.78125000000000000e+00,1.00000000000000000e+00,7.50000000000000000e-01,1.00000000000000000e+00,0.00000000000000000e+00,
1.00000000000000000e+00,0.00000000000000000e+00,0.00000000000000000e+00,0.00000000000000000e+00,1.78125000000000000e+00,1.00000000000000000e+00,7.50000000000000000e-01,1.00000000000000000e+00,0.00000000000000000e+00,
1.00000000000000000e+00,0.00000000000000000e+00,0.00000000000000000e+00,0.00000000000000000e+00,1.78125000000000000e+00,1.00000000000000000e+00,7.50000000000000000e-01,1.00000000000000000e+00,0.00000000000000000e+00,
9.99999999999597100e-01,-4.65370962152442528e-11,-2.03839808519241326e-13,0.00000000000000000e+00,1.78124999999870615e+00,9.99999999999193867e-01,7.50000000000000000e-01,9.99999999999511835e-01,0.00000000000000000e+00,
8.81356584890465200e-01,-6.39277438169210410e-08,-5.91836396542375145e-02,0.00000000000000000e+00,1.44594017847335077e+00,7.76656854242731343e-01,7.50000000000000000e-01,8.54038990207696802e-01,0.00000000000000000e+00,
6.74700811401793388e-01,2.04435390618615820e-01,-1.58615261363036608e-01,0.00000000000000000e+00,1.06315446152248549e+00,4.54891699917372938e-01,7.50000000000000000e-01,5.82710883985750105e-01,0.00000000000000000e+00,
6.76318496658094737e-01,3.72289053447804996e-01,-1.11387826011314695e+00,0.00000000000000000e+00,1.06489864674402912e+00,4.57018503546837596e-01,7.50000000000000000e-01,-5.38875970413631555e-01,0.00000000000000000e+00,
2.28968460918387046e-01,1.35397552303368168e-01,-1.11563141906285002e+00,0.00000000000000000e+00,1.26343215930493358e+00,1.24891019194549355e-01,7.50000000000000000e-01,-5.39416839450030272e-01,0.00000000000000000e+00,
1.86468310882715621e-01,5.55843899817113352e-02,-3.76484685114987838e-01,0.00000000000000000e+00,9.73821047544414897e-01,2.51138779893930797e-01,7.50000000000000000e-01,-7.00095233342136192e-01,0.00000000000000000e+00,
1.16621322839871158e-01,-2.93010955201939496e-02,-7.07096546859563024e-02,0.00000000000000000e+00,7.76818691981353227e-01,8.70296062338940246e-02,7.50000000000000000e-01,-9.05726774269271839e-01,0.00000000000000000e+00,
1.16566794430509851e-01,-2.94751307056907511e-02,-2.05765663892909789e-02,0.00000000000000000e+00,7.76218870461850452e-01,8.69510749910395592e-02,7.50000000000000000e-01,-9.11077192081674037e-01,0.00000000000000000e+00,
1.15838971206256899e-01,-3.18679732038384678e-02,-2.23576594673935911e-02,0.00000000000000000e+00,7.68036609697193562e-01,8.58714442740400041e-02,7.50000000000000000e-01,-9.87157856366203901e-01,0.00000000000000000e+00,
1.24324017440532203e-01,-2.47971319436598916e-03,-1.64786647846973237e-03,0.00000000000000000e+00,8.72139031335450232e-01,9.89200362522040105e-02,7.50000000000000000e-01,-1.00753521999979179e+00,0.00000000000000000e+00,
1.24999999999999875e-01,-5.50935777075943487e-16,-3.60797263596764031e-16,0.00000000000000000e+00,8.81249999999997979e-01,9.99999999999997419e-02,7.50000000000000000e-01,-1.00000000000000000e+00,0.00000000000000000e+00,
1.25000000000000000e-01,9.74664171589542247e-18,0.00000000000000000e+00,0.00000000000000000e+00,8.81249999999999978e-01,9.99999999999999778e-02,7.50000000000000000e-01,-1.00000000000000000e+00,0.00000000000000000e+00,

16,9
1.00000000000000000e+00,0.00000000000000000e+00,0.00000000000000000e+00,0.00000000000000000e+00,1.78125000000000000e+00,1.00000000000000000e+00,7.50000000000000000e-01,1.00000000000000000e+00,0.00000000000000000e+00,
1.00000000000000000e+00,0.00000000000000000e+00,0.00000000000000000e+00,0.00000000000000000e+00,1.78125000000000000e+00,1.00000000000000000e+00,7.50000000000000000e-01,1.00000000000000000e+00,0.00000000000000000e+00,
1.00000000000000000e+00,0.00000000000000000e+00,0.00000000000000000e+00,0.00000000000000000e+00,1.78125000000000000e+00,1.00000000000000000e+00,7.50000000000000000e-01,1.00000000000000000e+00,0.00000000000000000e+00,
1.00000000000000000e+00,0.00000000000000000e+00,0.00000000000000000e+00,0.00000000000000000e+00,1.78125000000000000e+00,1.00000000000000000e+00,7.50000000000000000e-01,1.00000000000000000e+00,0.00000000000000000e+00,
1.00000000002596456e+00,7.20956907947974021e-13,1.31722476291833601e-11,0.00000000000000000e+00,1.78125000008340484e+00,1.00000000005192868e+00,7.50000000000000000e-01,1.00000000003147616e+00,0.00000000000000000e+00,
1.00000003566831719e+00,1.93325826337101270e-01,1.80942822374034996e-08,0.00000000000000000e+00,1.78125011457667815e+00,1.00000007133663549e+00,7.50000000000000000e-01,1.00000004324008329e+00,0.00000000000000000e+00,
8.73707053458626204e-01,4.31949989065235462e-01,-6.29321025102669990e-02,0.00000000000000000e+00,1.42737028029051283e+00,7.63223111707789781e-01,7.50000000000000000e-01,8.44456565372102563e-01,0.00000000000000000e+00,
8.23833317797535325e-01,4.33339528754454917e-01,-1.56319467147215840e-01,0.00000000000000000e+00,1.94644850613730203e+00,6.69717713035853701e-01,7.50000000000000000e-01,5.89422406628960394e-01,0.00000000000000000e+00,
7.04860291295085872e-01,4.23758289630231988e-01,-3.62917850716388657e-01,0.00000000000000000e+00,1.95607856624804910e+00,4.91537365264696213e-01,7.50000000000000000e-01,-5.30633746891839508e-01,0.00000000000000000e+00,
2.36723901914523333e-01,1.43473149753917839e-01,-2.02968536821921647e-01,0.00000000000000000e+00,1.28354956500813433e+00,4.12323648210065452e-01,7.50000000000000000e-01,-5.28451518146963006e-01,0.00000000000000000e+00,
1.37578953864976955e-01,-5.54468018216860981e-03,-1.88928543688053965e-02,0.00000000000000000e+00,8.06572441517736660e-01,1.23887595198638428e-01,7.50000000000000000e-01,-8.42998236036858417e-01,0.00000000000000000e+00,
1.17687386858617224e-01,-2.57436910163296520e-02,-1.78365605343828136e-02,0.00000000000000000e+00,7.89091239764695529e-01,8.86327267928958412e-02,7.50000000000000000e-01,-8.97176679012339995e-01,0.00000000000000000e+00,
1.23929574378494126e-01,-3.91745289654595735e-03,-2.60911751816330154e-03,0.00000000000000000e+00,8.66877846764269933e-01,9.82930031994489473e-02,7.50000000000000000e-01,-8.88104968371703385e-01,0.00000000000000000e+00,
1.25630352705780490e-01,2.33085855076135048e-03,1.53606654805518001e-03,0.00000000000000000e+00,8.89856335608313342e-01,1.01010735015210087e-01,7.50000000000000000e-01,-9.91895648309832012e-01,0.00000000000000000e+00,
1.25000000000000000e-01,9.75836799229571538e-18,0.00000000000000000e+00,0.00000000000000000e+00,8.81250000000000089e-01,1.00000000000000006e-01,7.50000000000000000e-01,-9.99999999999998224e-01,0.00000000000000000e+00,
1.25000000000000000e-01,1.02362025107860908e-16,0.00000000000000000e+00,0.00000000000000000e+00,8.81250000000000089e-01,1.00000000000000117e-01,7.50000000000000000e-01,-1.00000000000000000e+00,0.00000000000000000e+00,

