1
1
1
0
(16 0
((0,0,0) (31,7,8) (0,0,1))
((32,0,0) (63,7,8) (0,0,1))
((64,0,0) (95,7,8) (0,0,1))
((96,0,0) (127,7,8) (0,0,1))
((128,0,0) (159,7,8) (0,0,1))
((160,0,0) (191,7,8) (0,0,1))
((192,0,0) (223,7,8) (0,0,1))
((224,0,0) (255,7,8) (0,0,1))
((256,0,0) (287,7,8) (0,0,1))
((288,0,0) (319,7,8) (0,0,1))
((320,0,0) (351,7,8) (0,0,1))
((352,0,0) (383,7,8) (0,0,1))
((384,0,0) (415,7,8) (0,0,1))
((416,0,0) (447,7,8) (0,0,1))
((448,0,0) (479,7,8) (0,0,1))
((480,0,0) (511,7,8) (0,0,1))
)
16
FabOnDisk: Cell_D_00000 222260
FabOnDisk: Cell_D_00000 0
FabOnDisk: Cell_D_00000 18520
FabOnDisk: Cell_D_00000 240779
FabOnDisk: Cell_D_00000 37040
FabOnDisk: Cell_D_00000 55562
FabOnDisk: Cell_D_00000 74084
FabOnDisk: Cell_D_00000 92606
FabOnDisk: Cell_D_00000 259300
FabOnDisk: Cell_D_00000 111128
FabOnDisk: Cell_D_00000 129650
FabOnDisk: Cell_D_00000 277822
FabOnDisk: Cell_D_00000 148172
FabOnDisk: Cell_D_00000 166694
FabOnDisk: Cell_D_00000 185216
FabOnDisk: Cell_D_00000 203738

16,1
-1.76528100183893224e-77,
-6.22109593149723434e-61,
-7.96045998366510456e-44,
-6.98035245276676765e-27,
-3.52290679681259213e-17,
-3.87663918765228671e-17,
-6.00191544570722913e-17,
-4.27125969734784149e-17,
-5.42921649760847033e-17,
-5.48443629610578278e-17,
-5.68261121313441977e-17,
-8.15413892766500717e-17,
-8.08494142975385965e-17,
-3.01197408533893519e-17,
-5.62244099017498634e-17,
-9.54408417507009395e-23,

16,1
3.84957312160654906e-78,
5.90000630212639528e-62,
6.40731286401896044e-45,
9.43909994861147667e-28,
2.65575386026336552e-17,
4.49948684697410260e-17,
4.11199024231205519e-17,
3.24610975978872855e-17,
6.21827958775173056e-17,
5.51515000486063006e-17,
1.02131694202354399e-16,
6.09209007213738894e-17,
6.77063396389703994e-17,
4.69223690568438351e-17,
6.28709567816418487e-17,
3.00461898461986671e-19,

