1
1
1
0
(16 0
((0,0,0) (31,7,8) (0,0,1))
((32,0,0) (63,7,8) (0,0,1))
((64,0,0) (95,7,8) (0,0,1))
((96,0,0) (127,7,8) (0,0,1))
((128,0,0) (159,7,8) (0,0,1))
((160,0,0) (191,7,8) (0,0,1))
((192,0,0) (223,7,8) (0,0,1))
((224,0,0) (255,7,8) (0,0,1))
((256,0,0) (287,7,8) (0,0,1))
((288,0,0) (319,7,8) (0,0,1))
((320,0,0) (351,7,8) (0,0,1))
((352,0,0) (383,7,8) (0,0,1))
((384,0,0) (415,7,8) (0,0,1))
((416,0,0) (447,7,8) (0,0,1))
((448,0,0) (479,7,8) (0,0,1))
((480,0,0) (511,7,8) (0,0,1))
)
16
FabOnDisk: Cell_D_00000 222260
FabOnDisk: Cell_D_00000 0
FabOnDisk: Cell_D_00000 18520
FabOnDisk: Cell_D_00000 240779
FabOnDisk: Cell_D_00000 37040
FabOnDisk: Cell_D_00000 55562
FabOnDisk: Cell_D_00000 74084
FabOnDisk: Cell_D_00000 92606
FabOnDisk: Cell_D_00000 259300
FabOnDisk: Cell_D_00000 111128
FabOnDisk: Cell_D_00000 129650
FabOnDisk: Cell_D_00000 277822
FabOnDisk: Cell_D_00000 148172
FabOnDisk: Cell_D_00000 166694
FabOnDisk: Cell_D_00000 185216
FabOnDisk: Cell_D_00000 203738

16,1
-3.68971064808100628e-148,
-2.26694631512107516e-124,
-8.21385746489889933e-100,
-6.59569698042419426e-78,
-7.44706327469322220e-58,
-3.29323290567074308e-37,
-3.23697627436448890e-18,
-6.47733540341039223e-18,
-1.38608577532565505e-17,
-2.33438571219341890e-17,
-4.74118841689198614e-25,
0.00000000000000000e+00,
0.00000000000000000e+00,
0.00000000000000000e+00,
0.00000000000000000e+00,
0.00000000000000000e+00,

16,1
4.41666874757957207e-148,
3.59196946812694688e-123,
1.84309817463316522e-100,
1.22736685622859474e-77,
6.02567054464022839e-57,
1.03297268589976852e-37,
1.79558263121107218e-18,
8.84499953512096397e-18,
8.41722900236581530e-18,
3.27553504542109202e-18,
4.73669523249996808e-25,
0.00000000000000000e+00,
0.00000000000000000e+00,
0.00000000000000000e+00,
0.00000000000000000e+00,
0.00000000000000000e+00,

