1
1
1
0
(16 0
((0,0,0) (31,7,8) (0,0,1))
((32,0,0) (63,7,8) (0,0,1))
((64,0,0) (95,7,8) (0,0,1))
((96,0,0) (127,7,8) (0,0,1))
((128,0,0) (159,7,8) (0,0,1))
((160,0,0) (191,7,8) (0,0,1))
((192,0,0) (223,7,8) (0,0,1))
((224,0,0) (255,7,8) (0,0,1))
((256,0,0) (287,7,8) (0,0,1))
((288,0,0) (319,7,8) (0,0,1))
((320,0,0) (351,7,8) (0,0,1))
((352,0,0) (383,7,8) (0,0,1))
((384,0,0) (415,7,8) (0,0,1))
((416,0,0) (447,7,8) (0,0,1))
((448,0,0) (479,7,8) (0,0,1))
((480,0,0) (511,7,8) (0,0,1))
)
16
FabOnDisk: Cell_D_00000 222260
FabOnDisk: Cell_D_00000 0
FabOnDisk: Cell_D_00000 18520
FabOnDisk: Cell_D_00000 240779
FabOnDisk: Cell_D_00000 37040
FabOnDisk: Cell_D_00000 55562
FabOnDisk: Cell_D_00000 74084
FabOnDisk: Cell_D_00000 92606
FabOnDisk: Cell_D_00000 259300
FabOnDisk: Cell_D_00000 111128
FabOnDisk: Cell_D_00000 129650
FabOnDisk: Cell_D_00000 277822
FabOnDisk: Cell_D_00000 148172
FabOnDisk: Cell_D_00000 166694
FabOnDisk: Cell_D_00000 185216
FabOnDisk: Cell_D_00000 203738

16,1
-7.89485212374065261e-77,
-1.75397683921737519e-59,
-2.72579743803749448e-43,
-1.17314866073141064e-26,
-3.97738393121871931e-17,
-5.32126677540586450e-17,
-6.35601564230790042e-17,
-3.33389277490072900e-17,
-5.44572570075695195e-17,
-5.25535418777826285e-17,
-8.40057608810315811e-17,
-6.54000771646657295e-17,
-7.48421756902347313e-17,
-7.55869944841448699e-17,
-7.08138648701811226e-17,
-2.12590437370807037e-17,

16,1
8.63597630194343268e-76,
2.96144348103003324e-60,
3.26142498977071716e-44,
1.35840585898056447e-25,
2.26782804020051114e-17,
3.82571420659348286e-17,
3.86210558910114473e-17,
4.57081031402471133e-17,
5.69409650882240768e-17,
5.19734818007236908e-17,
6.01108020691704161e-17,
5.52221120420784618e-17,
5.76304067444615899e-17,
5.25182738607032333e-17,
6.48565600945858015e-17,
4.05465754079864305e-17,

