1
1
9
0
(16 0
((0,0,0) (31,7,7) (0,0,0))
((32,0,0) (63,7,7) (0,0,0))
((64,0,0) (95,7,7) (0,0,0))
((96,0,0) (127,7,7) (0,0,0))
((128,0,0) (159,7,7) (0,0,0))
((160,0,0) (191,7,7) (0,0,0))
((192,0,0) (223,7,7) (0,0,0))
((224,0,0) (255,7,7) (0,0,0))
((256,0,0) (287,7,7) (0,0,0))
((288,0,0) (319,7,7) (0,0,0))
((320,0,0) (351,7,7) (0,0,0))
((352,0,0) (383,7,7) (0,0,0))
((384,0,0) (415,7,7) (0,0,0))
((416,0,0) (447,7,7) (0,0,0))
((448,0,0) (479,7,7) (0,0,0))
((480,0,0) (511,7,7) (0,0,0))
)
16
FabOnDisk: Cell_D_00000 1770548
FabOnDisk: Cell_D_00000 0
FabOnDisk: Cell_D_00000 147544
FabOnDisk: Cell_D_00000 1918091
FabOnDisk: Cell_D_00000 295088
FabOnDisk: Cell_D_00000 442634
FabOnDisk: Cell_D_00000 590180
FabOnDisk: Cell_D_00000 737726
FabOnDisk: Cell_D_00000 2065636
FabOnDisk: Cell_D_00000 885272
FabOnDisk: Cell_D_00000 1032818
FabOnDisk: Cell_D_00000 2213182
FabOnDisk: Cell_D_00000 1180364
FabOnDisk: Cell_D_00000 1327910
FabOnDisk: Cell_D_00000 1475456
FabOnDisk: Cell_D_00000 1623002

16,9
1.00000000000000000e+00,0.00000000000000000e+00,0.00000000000000000e+00,0.00000000000000000e+00,1.78125000000000000e+00,1.00000000000000000e+00,7.50000000000000000e-01,1.00000000000000000e+00,0.00000000000000000e+00,
1.00000000000000000e+00,0.00000000000000000e+00,0.00000000000000000e+00,0.00000000000000000e+00,1.78125000000000000e+00,1.00000000000000000e+00,7.50000000000000000e-01,1.00000000000000000e+00,0.00000000000000000e+00,
1.00000000000000000e+00,0.00000000000000000e+00,0.00000000000000000e+00,0.00000000000000000e+00,1.78125000000000000e+00,1.00000000000000000e+00,7.50000000000000000e-01,1.00000000000000000e+00,0.00000000000000000e+00,
1.00000000000000000e+00,0.00000000000000000e+00,0.00000000000000000e+00,0.00000000000000000e+00,1.78125000000000000e+00,1.00000000000000000e+00,7.50000000000000000e-01,1.00000000000000000e+00,0.00000000000000000e+00,
1.00000000000000000e+00,0.00000000000000000e+00,0.00000000000000000e+00,0.00000000000000000e+00,1.78125000000000000e+00,1.00000000000000000e+00,7.50000000000000000e-01,1.00000000000000000e+00,0.00000000000000000e+00,
9.99999999999986344e-01,-7.92761628259919703e-14,-7.13754006862233766e-15,0.00000000000000000e+00,1.78124999999995692e+00,9.99999999999972800e-01,7.50000000000000000e-01,9.99999999999983680e-01,0.00000000000000000e+00,
8.04567090863921308e-01,-9.51394832923842930e-08,-9.64864249978207439e-02,0.00000000000000000e+00,1.27546814180040124e+00,6.46986840358536486e-01,7.50000000000000000e-01,7.56605369822085483e-01,0.00000000000000000e+00,
6.73314220490298432e-01,3.11496586703673417e-01,-1.11143202763255777e+00,0.00000000000000000e+00,1.06136395476010548e+00,4.52820177911849753e-01,7.50000000000000000e-01,-5.34446766232146264e-01,0.00000000000000000e+00,
2.29048596640618968e-01,1.35905390621212346e-01,-1.12255837196607033e+00,0.00000000000000000e+00,1.26579819357890422e+00,6.53930494424967840e-02,7.50000000000000000e-01,-5.38982946425694776e-01,0.00000000000000000e+00,
1.16525559042027202e-01,-2.96074383217030147e-02,-3.72915138223226472e-01,0.00000000000000000e+00,7.75791966604090666e-01,8.68830635120610845e-02,7.50000000000000000e-01,-9.09488306745965924e-01,0.00000000000000000e+00,
1.15832298877092732e-01,-3.18898232216384206e-02,-2.23737866957843812e-02,0.00000000000000000e+00,7.67962161271852239e-01,8.58591496235506513e-02,7.50000000000000000e-01,-9.85485213173312391e-01,0.00000000000000000e+00,
1.24358013725997182e-01,-2.35508227031734109e-03,-1.56487199943167675e-03,0.00000000000000000e+00,8.72596636794464420e-01,9.89740432422560046e-02,7.50000000000000000e-01,-1.00662003365932473e+00,0.00000000000000000e+00,
1.25000000000000000e-01,0.00000000000000000e+00,0.00000000000000000e+00,0.00000000000000000e+00,8.81249999999999978e-01,9.99999999999999917e-02,7.50000000000000000e-01,-1.00000000000000000e+00,0.00000000000000000e+00,
1.25000000000000000e-01,0.00000000000000000e+00,0.00000000000000000e+00,0.00000000000000000e+00,8.81249999999999978e-01,1.00000000000000006e-01,7.50000000000000000e-01,-1.00000000000000000e+00,0.00000000000000000e+00,
1.25000000000000000e-01,0.00000000000000000e+00,0.00000000000000000e+00,0.00000000000000000e+00,8.81249999999999978e-01,1.00000000000000006e-01,7.50000000000000000e-01,-1.00000000000000000e+00,0.00000000000000000e+00,
1.25000000000000000e-01,0.00000000000000000e+00,0.00000000000000000e+00,0.00000000000000000e+00,8.81249999999999978e-01,1.00000000000000006e-01,7.50000000000000000e-01,-1.00000000000000000e+00,0.00000000000000000e+00,

16,9
1.00000000000000000e+00,0.00000000000000000e+00,0.00000000000000000e+00,0.00000000000000000e+00,1.78125000000000000e+00,1.00000000000000000e+00,7.50000000000000000e-01,1.00000000000000000e+00,0.00000000000000000e+00,
1.00000000000000000e+00,0.00000000000000000e+00,0.00000000000000000e+00,0.00000000000000000e+00,1.78125000000000000e+00,1.00000000000000000e+00,7.50000000000000000e-01,1.00000000000000000e+00,0.00000000000000000e+00,
1.00000000000000000e+00,0.00000000000000000e+00,0.00000000000000000e+00,0.00000000000000000e+00,1.78125000000000000e+00,1.00000000000000000e+00,7.50000000000000000e-01,1.00000000000000000e+00,0.00000000000000000e+00,
1.00000000000000000e+00,0.00000000000000000e+00,0.00000000000000000e+00,0.00000000000000000e+00,1.78125000000000000e+00,1.00000000000000000e+00,7.50000000000000000e-01,1.00000000000000000e+00,0.00000000000000000e+00,
1.00000000000000000e+00,0.00000000000000000e+00,0.00000000000000000e+00,0.00000000000000000e+00,1.78125000000000000e+00,1.00000000000000000e+00,7.50000000000000000e-01,1.00000000000000000e+00,0.00000000000000000e+00,
1.00000000000004485e+00,2.48693927487228400e-14,2.28005541904043363e-14,0.00000000000000000e+00,1.78125000000014344e+00,1.00000000000008926e+00,7.50000000000000000e-01,1.00000000000005440e+00,0.00000000000000000e+00,
1.00000005308279571e+00,2.97117493530847543e-01,2.69284767806981617e-08,0.00000000000000000e+00,1.78125017051688794e+00,1.00000010616559321e+00,7.50000000000000000e-01,1.00000006435128497e+00,0.00000000000000000e+00,
8.21325087766590411e-01,4.33112085503214228e-01,-1.02151492926369256e-01,0.00000000000000000e+00,1.93459181830921811e+00,6.67633646689490989e-01,7.50000000000000000e-01,7.41378857125384316e-01,0.00000000000000000e+00,
7.09421921544648226e-01,4.31673336997314139e-01,-3.64156061242094042e-01,0.00000000000000000e+00,1.96684659706038456e+00,4.88696098635325593e-01,7.50000000000000000e-01,-5.27946691979469307e-01,0.00000000000000000e+00,
2.36129589652840088e-01,1.40931868269888821e-01,-1.81487918865766117e-02,0.00000000000000000e+00,1.27896650915727972e+00,4.10562392475854521e-01,7.50000000000000000e-01,-5.31303461452261927e-01,0.00000000000000000e+00,
1.23790363168636064e-01,-4.42283887018953513e-03,-2.94822263461223073e-03,0.00000000000000000e+00,8.65032999803337921e-01,9.80718467595705218e-02,7.50000000000000000e-01,-8.88022408062460133e-01,0.00000000000000000e+00,
1.25553698634341487e-01,2.04647104988957490e-03,1.34931722057334631e-03,0.00000000000000000e+00,8.88804152786417445e-01,1.00887593616910881e-01,7.50000000000000000e-01,-9.92304915162549150e-01,0.00000000000000000e+00,
1.25000000000000000e-01,0.00000000000000000e+00,0.00000000000000000e+00,0.00000000000000000e+00,8.81249999999999978e-01,1.00000000000000006e-01,7.50000000000000000e-01,-1.00000000000000000e+00,0.00000000000000000e+00,
1.25000000000000000e-01,0.00000000000000000e+00,0.00000000000000000e+00,0.00000000000000000e+00,8.81249999999999978e-01,1.00000000000000006e-01,7.50000000000000000e-01,-1.00000000000000000e+00,0.00000000000000000e+00,
1.25000000000000000e-01,0.00000000000000000e+00,0.00000000000000000e+00,0.00000000000000000e+00,8.81249999999999978e-01,1.00000000000000006e-01,7.50000000000000000e-01,-1.00000000000000000e+00,0.00000000000000000e+00,
1.25000000000000000e-01,0.00000000000000000e+00,0.00000000000000000e+00,0.00000000000000000e+00,8.81249999999999978e-01,1.00000000000000006e-01,7.50000000000000000e-01,-1.00000000000000000e+00,0.00000000000000000e+00,

