1
1
1
0
(16 0
((0,0,0) (31,7,8) (0,0,1))
((32,0,0) (63,7,8) (0,0,1))
((64,0,0) (95,7,8) (0,0,1))
((96,0,0) (127,7,8) (0,0,1))
((128,0,0) (159,7,8) (0,0,1))
((160,0,0) (191,7,8) (0,0,1))
((192,0,0) (223,7,8) (0,0,1))
((224,0,0) (255,7,8) (0,0,1))
((256,0,0) (287,7,8) (0,0,1))
((288,0,0) (319,7,8) (0,0,1))
((320,0,0) (351,7,8) (0,0,1))
((352,0,0) (383,7,8) (0,0,1))
((384,0,0) (415,7,8) (0,0,1))
((416,0,0) (447,7,8) (0,0,1))
((448,0,0) (479,7,8) (0,0,1))
((480,0,0) (511,7,8) (0,0,1))
)
16
FabOnDisk: Cell_D_00000 222260
FabOnDisk: Cell_D_00000 0
FabOnDisk: Cell_D_00000 18520
FabOnDisk: Cell_D_00000 240779
FabOnDisk: Cell_D_00000 37040
FabOnDisk: Cell_D_00000 55562
FabOnDisk: Cell_D_00000 74084
FabOnDisk: Cell_D_00000 92606
FabOnDisk: Cell_D_00000 259300
FabOnDisk: Cell_D_00000 111128
FabOnDisk: Cell_D_00000 129650
FabOnDisk: Cell_D_00000 277822
FabOnDisk: Cell_D_00000 148172
FabOnDisk: Cell_D_00000 166694
FabOnDisk: Cell_D_00000 185216
FabOnDisk: Cell_D_00000 203738

16,1
-6.23561069456734189e-120,
-9.24737352981521630e-100,
-8.75943307597385944e-81,
-1.10359468875103401e-63,
-2.71482830208095059e-45,
-1.80363854831573183e-27,
-4.32366520037636885e-17,
-6.67737278175516854e-17,
-5.84597925831048252e-17,
-6.69904092257566800e-17,
-2.80755284440382356e-17,
-1.59931872141400261e-23,
-1.18457276503986983e-38,
-9.15600126835193942e-53,
-1.66541707636792928e-68,
-1.28087843472927314e-85,

16,1
2.45430579630698693e-120,
1.16633146510729858e-100,
1.48556964560493198e-81,
8.93951960784619615e-63,
2.90822318082914743e-46,
1.87856316416818238e-27,
3.04913156229799005e-17,
5.78406041118346795e-17,
4.74332809056688482e-17,
7.73651238176195330e-17,
4.02462848239059553e-17,
3.10783663735090618e-24,
9.08519218122065433e-38,
1.83647414382503052e-53,
1.78213949297558156e-69,
1.04523515745997298e-84,

