1
1
9
0
(16 0
((0,0,0) (31,7,7) (0,0,0))
((32,0,0) (63,7,7) (0,0,0))
((64,0,0) (95,7,7) (0,0,0))
((96,0,0) (127,7,7) (0,0,0))
((128,0,0) (159,7,7) (0,0,0))
((160,0,0) (191,7,7) (0,0,0))
((192,0,0) (223,7,7) (0,0,0))
((224,0,0) (255,7,7) (0,0,0))
((256,0,0) (287,7,7) (0,0,0))
((288,0,0) (319,7,7) (0,0,0))
((320,0,0) (351,7,7) (0,0,0))
((352,0,0) (383,7,7) (0,0,0))
((384,0,0) (415,7,7) (0,0,0))
((416,0,0) (447,7,7) (0,0,0))
((448,0,0) (479,7,7) (0,0,0))
((480,0,0) (511,7,7) (0,0,0))
)
16
FabOnDisk: Cell_D_00000 1770548
FabOnDisk: Cell_D_00000 0
FabOnDisk: Cell_D_00000 147544
FabOnDisk: Cell_D_00000 1918091
FabOnDisk: Cell_D_00000 295088
FabOnDisk: Cell_D_00000 442634
FabOnDisk: Cell_D_00000 590180
FabOnDisk: Cell_D_00000 737726
FabOnDisk: Cell_D_00000 2065636
FabOnDisk: Cell_D_00000 885272
FabOnDisk: Cell_D_00000 1032818
FabOnDisk: Cell_D_00000 2213182
FabOnDisk: Cell_D_00000 1180364
FabOnDisk: Cell_D_00000 1327910
FabOnDisk: Cell_D_00000 1475456
FabOnDisk: Cell_D_00000 1623002

16,9
1.00000000000000000e+00,0.00000000000000000e+00,0.00000000000000000e+00,-6.41893379556151891e-147,1.78125000000000000e+00,1.00000000000000000e+00,7.50000000000000000e-01,1.00000000000000000e+00,-9.85414682830260919e-147,
1.00000000000000000e+00,0.00000000000000000e+00,0.00000000000000000e+00,-5.69331929519526672e-122,1.78125000000000000e+00,1.00000000000000000e+00,7.50000000000000000e-01,1.00000000000000000e+00,-9.28969380552046668e-122,
1.00000000000000000e+00,0.00000000000000000e+00,0.00000000000000000e+00,-3.92134753653080248e-98,1.78125000000000000e+00,1.00000000000000000e+00,7.50000000000000000e-01,1.00000000000000000e+00,-5.47279637159117152e-98,
1.00000000000000000e+00,0.00000000000000000e+00,0.00000000000000000e+00,-6.26208945028940763e-77,1.78125000000000000e+00,1.00000000000000000e+00,7.50000000000000000e-01,1.00000000000000000e+00,-8.69918820675695296e-77,
1.00000000000000000e+00,0.00000000000000000e+00,0.00000000000000000e+00,-1.65075233264272151e-56,1.78125000000000000e+00,1.00000000000000000e+00,7.50000000000000000e-01,1.00000000000000000e+00,-2.50010484897603337e-56,
1.00000000000000000e+00,0.00000000000000000e+00,0.00000000000000000e+00,-2.52729163811853678e-37,1.78125000000000000e+00,1.00000000000000000e+00,7.50000000000000000e-01,1.00000000000000000e+00,-3.86598070097916165e-37,
9.99999999999971911e-01,-1.45717672877842773e-15,-1.39825893680791915e-14,-1.15896439730171160e-18,1.78124999999991096e+00,9.99999999999944489e-01,7.50000000000000000e-01,9.99999999999966360e-01,-4.21728719513473286e-18,
6.58593170749878554e-01,-8.37742724729418205e-07,-1.13678207635251205e+00,-5.34014938860035120e-18,1.05265980876208975e+00,4.31031096689694526e-01,7.50000000000000000e-01,-5.31334259068474313e-01,-6.11669988026817243e-18,
1.15452429311126217e-01,-3.31246061330760302e-02,-1.12103758507256956e+00,-3.92814591037559029e-18,7.63803306714519015e-01,7.69706096721325863e-03,7.50000000000000000e-01,-9.84650208485582934e-01,-1.35224390736125438e-17,
1.24632143117147931e-01,-1.35075291034848950e-03,-8.98290037531317186e-04,-2.46360499834093461e-18,8.76282302271715441e-01,9.94109864768410040e-02,7.50000000000000000e-01,-1.00572085172587844e+00,-2.29084260708310628e-17,
1.24999999999999986e-01,-9.72751239983722857e-18,0.00000000000000000e+00,-5.57648805668812671e-21,8.81249999999999867e-01,9.99999999999999917e-02,7.50000000000000000e-01,-1.00000000000000000e+00,-4.03553943429681501e-18,
1.25000000000000000e-01,0.00000000000000000e+00,0.00000000000000000e+00,-3.29564976462306600e-41,8.81249999999999978e-01,1.00000000000000006e-01,7.50000000000000000e-01,-1.00000000000000000e+00,0.00000000000000000e+00,
1.25000000000000000e-01,0.00000000000000000e+00,0.00000000000000000e+00,-2.67181286547477361e-66,8.81249999999999978e-01,1.00000000000000006e-01,7.50000000000000000e-01,-1.00000000000000000e+00,0.00000000000000000e+00,
1.25000000000000000e-01,0.00000000000000000e+00,0.00000000000000000e+00,-5.50327747590138255e-91,8.81249999999999978e-01,1.00000000000000006e-01,7.50000000000000000e-01,-1.00000000000000000e+00,0.00000000000000000e+00,
1.25000000000000000e-01,0.00000000000000000e+00,0.00000000000000000e+00,-1.71135288205443334e-116,8.81249999999999978e-01,1.00000000000000006e-01,7.50000000000000000e-01,-1.00000000000000000e+00,0.00000000000000000e+00,
1.25000000000000000e-01,0.00000000000000000e+00,0.00000000000000000e+00,-4.91862692493527472e-142,8.81249999999999978e-01,1.00000000000000006e-01,7.50000000000000000e-01,-1.00000000000000000e+00,0.00000000000000000e+00,

16,9
1.00000000000000000e+00,0.00000000000000000e+00,0.00000000000000000e+00,1.74824073950249342e-145,1.78125000000000000e+00,1.00000000000000000e+00,7.50000000000000000e-01,1.00000000000000000e+00,3.00762023585518251e-145,
1.00000000000000000e+00,0.00000000000000000e+00,0.00000000000000000e+00,2.79485642112327701e-121,1.78125000000000000e+00,1.00000000000000000e+00,7.50000000000000000e-01,1.00000000000000000e+00,3.69236993985647823e-121,
1.00000000000000000e+00,0.00000000000000000e+00,0.00000000000000000e+00,4.18495294392367196e-99,1.78125000000000000e+00,1.00000000000000000e+00,7.50000000000000000e-01,1.00000000000000000e+00,7.52298800704358291e-99,
1.00000000000000000e+00,0.00000000000000000e+00,0.00000000000000000e+00,4.88100916736012200e-77,1.78125000000000000e+00,1.00000000000000000e+00,7.50000000000000000e-01,1.00000000000000000e+00,1.07994886434710793e-77,
1.00000000000000000e+00,0.00000000000000000e+00,0.00000000000000000e+00,8.05254995109327589e-56,1.78125000000000000e+00,1.00000000000000000e+00,7.50000000000000000e-01,1.00000000000000000e+00,9.93938522642285642e-56,
1.00000000000000000e+00,0.00000000000000000e+00,0.00000000000000000e+00,2.29016063058811501e-38,1.78125000000000000e+00,1.00000000000000000e+00,7.50000000000000000e-01,1.00000000000000000e+00,3.28973222023659679e-38,
1.00000000000000089e+00,4.97698899540932808e-14,3.98306012280940462e-16,1.02746121723871077e-18,1.78125000000000266e+00,1.00000000000000133e+00,7.50000000000000000e-01,1.00000000000000089e+00,2.65554964395036765e-18,
1.00000046741730864e+00,4.38081858310016059e-01,2.37086350930627352e-07,3.10025645972055229e-18,1.98216954657435873e+00,1.00000093483490371e+00,7.50000000000000000e-01,1.00000056660646242e+00,8.39120286554279306e-18,
7.01898409049309002e-01,4.21986352578853918e-01,-3.11764987977705297e-03,2.07898159416010324e-18,1.96338459682061250e+00,5.07820166952909657e-01,7.50000000000000000e-01,-5.31734108052255072e-01,8.06885656150660263e-18,
1.25478489755835337e-01,1.76768816952327466e-03,1.16577118438325965e-03,3.81564517613828611e-18,8.87772969781787435e-01,1.00766855030915745e-01,7.50000000000000000e-01,-9.95585299936480594e-01,5.43233725389402609e-18,
1.25000000000000000e-01,4.85658972522338276e-18,0.00000000000000000e+00,2.91162357307230271e-19,8.81249999999999978e-01,1.00000000000000006e-01,7.50000000000000000e-01,-1.00000000000000000e+00,2.78244207078011758e-19,
1.25000000000000000e-01,0.00000000000000000e+00,0.00000000000000000e+00,2.09444313941323609e-41,8.81249999999999978e-01,1.00000000000000006e-01,7.50000000000000000e-01,-1.00000000000000000e+00,0.00000000000000000e+00,
1.25000000000000000e-01,0.00000000000000000e+00,0.00000000000000000e+00,2.86778795682205805e-65,8.81249999999999978e-01,1.00000000000000006e-01,7.50000000000000000e-01,-1.00000000000000000e+00,0.00000000000000000e+00,
1.25000000000000000e-01,0.00000000000000000e+00,0.00000000000000000e+00,7.62768474315852449e-91,8.81249999999999978e-01,1.00000000000000006e-01,7.50000000000000000e-01,-1.00000000000000000e+00,0.00000000000000000e+00,
1.25000000000000000e-01,0.00000000000000000e+00,0.00000000000000000e+00,2.52108309563260837e-117,8.81249999999999978e-01,1.00000000000000006e-01,7.50000000000000000e-01,-1.00000000000000000e+00,0.00000000000000000e+00,
1.25000000000000000e-01,0.00000000000000000e+00,0.00000000000000000e+00,1.38239930818383226e-143,8.81249999999999978e-01,1.00000000000000006e-01,7.50000000000000000e-01,-1.00000000000000000e+00,0.00000000000000000e+00,

