1
1
9
0
(16 0
((0,0,0) (31,7,7) (0,0,0))
((32,0,0) (63,7,7) (0,0,0))
((64,0,0) (95,7,7) (0,0,0))
((96,0,0) (127,7,7) (0,0,0))
((128,0,0) (159,7,7) (0,0,0))
((160,0,0) (191,7,7) (0,0,0))
((192,0,0) (223,7,7) (0,0,0))
((224,0,0) (255,7,7) (0,0,0))
((256,0,0) (287,7,7) (0,0,0))
((288,0,0) (319,7,7) (0,0,0))
((320,0,0) (351,7,7) (0,0,0))
((352,0,0) (383,7,7) (0,0,0))
((384,0,0) (415,7,7) (0,0,0))
((416,0,0) (447,7,7) (0,0,0))
((448,0,0) (479,7,7) (0,0,0))
((480,0,0) (511,7,7) (0,0,0))
)
16
FabOnDisk: Cell_D_00000 1770548
FabOnDisk: Cell_D_00000 0
FabOnDisk: Cell_D_00000 147544
FabOnDisk: Cell_D_00000 1918091
FabOnDisk: Cell_D_00000 295088
FabOnDisk: Cell_D_00000 442634
FabOnDisk: Cell_D_00000 590180
FabOnDisk: Cell_D_00000 737726
FabOnDisk: Cell_D_00000 2065636
FabOnDisk: Cell_D_00000 885272
FabOnDisk: Cell_D_00000 1032818
FabOnDisk: Cell_D_00000 2213182
FabOnDisk: Cell_D_00000 1180364
FabOnDisk: Cell_D_00000 1327910
FabOnDisk: Cell_D_00000 1475456
FabOnDisk: Cell_D_00000 1623002

16,9
1.00000000000000000e+00,0.00000000000000000e+00,0.00000000000000000e+00,-5.99533099419295790e-106,1.78125000000000000e+00,1.00000000000000000e+00,7.50000000000000000e-01,1.00000000000000000e+00,-7.88592036972794884e-106,
1.00000000000000000e+00,0.00000000000000000e+00,0.00000000000000000e+00,-3.47568851411081154e-87,1.78125000000000000e+00,1.00000000000000000e+00,7.50000000000000000e-01,1.00000000000000000e+00,-4.45715079975775821e-87,
1.00000000000000000e+00,0.00000000000000000e+00,0.00000000000000000e+00,-8.38245860468437802e-71,1.78125000000000000e+00,1.00000000000000000e+00,7.50000000000000000e-01,1.00000000000000000e+00,-1.08190869005334058e-70,
1.00000000000000000e+00,0.00000000000000000e+00,0.00000000000000000e+00,-2.42783824026728307e-53,1.78125000000000000e+00,1.00000000000000000e+00,7.50000000000000000e-01,1.00000000000000000e+00,-3.66197803262925490e-53,
1.00000000000000000e+00,0.00000000000000000e+00,0.00000000000000000e+00,-1.70898442487663959e-36,1.78125000000000000e+00,1.00000000000000000e+00,7.50000000000000000e-01,1.00000000000000000e+00,-2.20478569110000577e-36,
9.99999999999921951e-01,-1.94417948044694649e-17,-2.14560386493376181e-14,-9.27897279447914590e-18,1.78124999999976641e+00,9.99999999999843792e-01,7.50000000000000000e-01,9.99999999999940048e-01,-2.61351285925551006e-18,
8.06098047805874351e-01,-2.33654532360896181e-07,-9.57573073847211853e-02,-3.83843414632934644e-17,1.27852436923484425e+00,6.49452192198674894e-01,7.50000000000000000e-01,7.58566494354093401e-01,-5.27120801076506145e-17,
6.75799477081979183e-01,3.09703691311053908e-01,-1.12661371678419520e+00,-3.70948794645696511e-17,1.06455968740227669e+00,4.56169384643519693e-01,7.50000000000000000e-01,-5.35206404402853386e-01,-4.48066803210032560e-17,
2.30391687594011407e-01,1.35639584324010298e-01,-1.13255954646782597e+00,-2.52655039993537839e-17,1.26588645640651554e+00,4.32871829448121526e-02,7.50000000000000000e-01,-5.43860957317141569e-01,-6.21060231588835615e-17,
1.16152670653720716e-01,-3.00357795496272277e-02,-3.72697424535826383e-01,-2.25544781534707009e-17,7.55492945798902582e-01,8.65748018113872420e-02,7.50000000000000000e-01,-9.07562811636421052e-01,-9.37937271265032396e-17,
1.15459897927467692e-01,-3.30988004615812084e-02,-2.32824753545889038e-02,-1.47562764701605864e-17,7.63850178406963010e-01,8.53037941599054522e-02,7.50000000000000000e-01,-9.94399967880701285e-01,-5.07564543673575479e-17,
1.24839139501053617e-01,-5.92412179892390540e-04,-3.93127895863025045e-04,-9.64779897311185411e-18,8.79069777039210853e-01,9.97427389746578796e-02,7.50000000000000000e-01,-1.01433983557081486e+00,-6.66376346396080360e-17,
1.25000000000000000e-01,0.00000000000000000e+00,0.00000000000000000e+00,-2.87873529288061825e-21,8.81249999999999978e-01,9.99999999999999778e-02,7.50000000000000000e-01,-1.00000000000000000e+00,-1.64530978810412719e-20,
1.25000000000000000e-01,0.00000000000000000e+00,0.00000000000000000e+00,-6.87011807413396808e-36,8.81249999999999978e-01,1.00000000000000006e-01,7.50000000000000000e-01,-1.00000000000000000e+00,-2.15923059498336469e-35,
1.25000000000000000e-01,0.00000000000000000e+00,0.00000000000000000e+00,-3.33553388177566849e-52,8.81249999999999978e-01,1.00000000000000006e-01,7.50000000000000000e-01,-1.00000000000000000e+00,-1.26863513419249825e-51,
1.25000000000000000e-01,0.00000000000000000e+00,0.00000000000000000e+00,-1.18320163173079490e-66,8.81249999999999978e-01,1.00000000000000006e-01,7.50000000000000000e-01,-1.00000000000000000e+00,-2.77670966799479211e-66,

16,9
1.00000000000000000e+00,0.00000000000000000e+00,0.00000000000000000e+00,5.83862497157255876e-106,1.78125000000000000e+00,1.00000000000000000e+00,7.50000000000000000e-01,1.00000000000000000e+00,4.33880862206058753e-106,
1.00000000000000000e+00,0.00000000000000000e+00,0.00000000000000000e+00,2.62771442059972701e-88,1.78125000000000000e+00,1.00000000000000000e+00,7.50000000000000000e-01,1.00000000000000000e+00,3.28517968313589581e-88,
1.00000000000000000e+00,0.00000000000000000e+00,0.00000000000000000e+00,8.58842490928872882e-70,1.78125000000000000e+00,1.00000000000000000e+00,7.50000000000000000e-01,1.00000000000000000e+00,1.13397859958153477e-69,
1.00000000000000000e+00,0.00000000000000000e+00,0.00000000000000000e+00,1.63908885400628389e-52,1.78125000000000000e+00,1.00000000000000000e+00,7.50000000000000000e-01,1.00000000000000000e+00,2.23195288893414557e-52,
1.00000000000000000e+00,0.00000000000000000e+00,0.00000000000000000e+00,4.98243189422529749e-36,1.78125000000000000e+00,1.00000000000000000e+00,7.50000000000000000e-01,1.00000000000000000e+00,6.57483725181980922e-36,
1.00000000000000000e+00,1.37580478668440374e-13,0.00000000000000000e+00,1.45339282620280883e-18,1.78125000000000000e+00,1.00000000000000000e+00,7.50000000000000000e-01,1.00000000000000000e+00,1.18138382524166643e-17,
1.00000013124113529e+00,2.95218249234328822e-01,6.37352311618484206e-08,2.79093037949303701e-17,1.78125041962724318e+00,1.00000026248228546e+00,7.50000000000000000e-01,1.00000015495706740e+00,4.00710496293180685e-17,
8.26566933353966693e-01,4.31775956470009936e-01,-1.01445472682471019e-01,3.81863969446755658e-17,1.95947679275332498e+00,6.79732464123591673e-01,7.50000000000000000e-01,7.43296728394048811e-01,4.50405470124578364e-17,
7.16316398000201415e-01,4.33879543463601858e-01,-3.63685352463569034e-01,2.34210966997838486e-17,1.97686258318500685e+00,4.94741387573030489e-01,7.50000000000000000e-01,-5.22440634141525861e-01,4.62898397509527054e-17,
2.38313050214058936e-01,1.43705761271932048e-01,-1.85420673131629216e-02,3.03688568311159547e-17,1.27865412945332890e+00,3.67484556091151437e-01,7.50000000000000000e-01,-5.33099927865001488e-01,7.00258489098586160e-17,
1.24530839196891577e-01,-1.71915713791448584e-03,-1.13764982099395827e-03,1.88808636155268533e-17,8.74936557520387570e-01,9.92466889252322099e-02,7.50000000000000000e-01,-8.83373647732154210e-01,6.62220352617676749e-17,
1.26202614156196685e-01,4.46454359451275030e-03,2.92761849751435902e-03,2.17498741615078924e-17,8.97768927930722271e-01,1.01931705286850458e-01,7.50000000000000000e-01,-9.98058326057292500e-01,8.23460084115870417e-17,
1.25000000000000000e-01,0.00000000000000000e+00,0.00000000000000000e+00,5.99265200543881888e-21,8.81249999999999978e-01,1.00000000000000006e-01,7.50000000000000000e-01,-1.00000000000000000e+00,1.61459970246545783e-20,
1.25000000000000000e-01,0.00000000000000000e+00,0.00000000000000000e+00,7.46381399851407685e-36,8.81249999999999978e-01,1.00000000000000006e-01,7.50000000000000000e-01,-1.00000000000000000e+00,2.20741725783740853e-35,
1.25000000000000000e-01,0.00000000000000000e+00,0.00000000000000000e+00,4.25315238430283450e-52,8.81249999999999978e-01,1.00000000000000006e-01,7.50000000000000000e-01,-1.00000000000000000e+00,1.02759624702889399e-51,
1.25000000000000000e-01,0.00000000000000000e+00,0.00000000000000000e+00,8.84818679470114646e-67,8.81249999999999978e-01,1.00000000000000006e-01,7.50000000000000000e-01,-1.00000000000000000e+00,3.54941126750305467e-66,

