1
1
1
0
(16 0
((0,0,0) (31,7,8) (0,0,1))
((32,0,0) (63,7,8) (0,0,1))
((64,0,0) (95,7,8) (0,0,1))
((96,0,0) (127,7,8) (0,0,1))
((128,0,0) (159,7,8) (0,0,1))
((160,0,0) (191,7,8) (0,0,1))
((192,0,0) (223,7,8) (0,0,1))
((224,0,0) (255,7,8) (0,0,1))
((256,0,0) (287,7,8) (0,0,1))
((288,0,0) (319,7,8) (0,0,1))
((320,0,0) (351,7,8) (0,0,1))
((352,0,0) (383,7,8) (0,0,1))
((384,0,0) (415,7,8) (0,0,1))
((416,0,0) (447,7,8) (0,0,1))
((448,0,0) (479,7,8) (0,0,1))
((480,0,0) (511,7,8) (0,0,1))
)
16
FabOnDisk: Cell_D_00000 222260
FabOnDisk: Cell_D_00000 0
FabOnDisk: Cell_D_00000 18520
FabOnDisk: Cell_D_00000 240779
FabOnDisk: Cell_D_00000 37040
FabOnDisk: Cell_D_00000 55562
FabOnDisk: Cell_D_00000 74084
FabOnDisk: Cell_D_00000 92606
FabOnDisk: Cell_D_00000 259300
FabOnDisk: Cell_D_00000 111128
FabOnDisk: Cell_D_00000 129650
FabOnDisk: Cell_D_00000 277822
FabOnDisk: Cell_D_00000 148172
FabOnDisk: Cell_D_00000 166694
FabOnDisk: Cell_D_00000 185216
FabOnDisk: Cell_D_00000 203738

16,1
-1.66843420568277298e-84,
-4.78661106493131945e-67,
-1.92200685093203390e-51,
-3.46112119279595863e-34,
-8.21762382190993359e-18,
-3.52130905962620387e-17,
-5.80800960130869698e-17,
-5.06075103236871842e-17,
-6.00904925441439451e-17,
-5.50713620811231379e-17,
-6.82887375669314970e-17,
-7.35688083699191470e-17,
-5.93593461196475630e-17,
-6.08021054258091085e-17,
-3.17316354088589541e-17,
-1.69633874001506384e-30,

16,1
1.03571495736627094e-83,
4.17872273288115883e-68,
1.61662598867671155e-50,
7.87028725500186883e-35,
7.31189782333956127e-18,
5.93516827940233598e-17,
5.31824596329261433e-17,
7.14621442578104749e-17,
5.35392574891014750e-17,
1.00652945235243283e-16,
6.49089883637232638e-17,
8.07442022112157613e-17,
4.50055824829325048e-17,
7.04114494265829536e-17,
1.08768092267211256e-17,
1.57066070381566191e-31,

