1
1
9
0
(16 0
((0,0,0) (31,7,7) (0,0,0))
((32,0,0) (63,7,7) (0,0,0))
((64,0,0) (95,7,7) (0,0,0))
((96,0,0) (127,7,7) (0,0,0))
((128,0,0) (159,7,7) (0,0,0))
((160,0,0) (191,7,7) (0,0,0))
((192,0,0) (223,7,7) (0,0,0))
((224,0,0) (255,7,7) (0,0,0))
((256,0,0) (287,7,7) (0,0,0))
((288,0,0) (319,7,7) (0,0,0))
((320,0,0) (351,7,7) (0,0,0))
((352,0,0) (383,7,7) (0,0,0))
((384,0,0) (415,7,7) (0,0,0))
((416,0,0) (447,7,7) (0,0,0))
((448,0,0) (479,7,7) (0,0,0))
((480,0,0) (511,7,7) (0,0,0))
)
16
FabOnDisk: Cell_D_00000 1770548
FabOnDisk: Cell_D_00000 0
FabOnDisk: Cell_D_00000 147544
FabOnDisk: Cell_D_00000 1918091
FabOnDisk: Cell_D_00000 295088
FabOnDisk: Cell_D_00000 442634
FabOnDisk: Cell_D_00000 590180
FabOnDisk: Cell_D_00000 737726
FabOnDisk: Cell_D_00000 2065636
FabOnDisk: Cell_D_00000 885272
FabOnDisk: Cell_D_00000 1032818
FabOnDisk: Cell_D_00000 2213182
FabOnDisk: Cell_D_00000 1180364
FabOnDisk: Cell_D_00000 1327910
FabOnDisk: Cell_D_00000 1475456
FabOnDisk: Cell_D_00000 1623002

16,9
1.00000000000000000e+00,0.00000000000000000e+00,0.00000000000000000e+00,-9.92777169781903541e-120,1.78125000000000000e+00,1.00000000000000000e+00,7.50000000000000000e-01,1.00000000000000000e+00,-8.60571176885676953e-120,
1.00000000000000000e+00,0.00000000000000000e+00,0.00000000000000000e+00,-2.40007089150973479e-99,1.78125000000000000e+00,1.00000000000000000e+00,7.50000000000000000e-01,1.00000000000000000e+00,-2.85960358843442262e-99,
1.00000000000000000e+00,0.00000000000000000e+00,0.00000000000000000e+00,-1.09660732546083907e-80,1.78125000000000000e+00,1.00000000000000000e+00,7.50000000000000000e-01,1.00000000000000000e+00,-7.56238424793503023e-81,
1.00000000000000000e+00,0.00000000000000000e+00,0.00000000000000000e+00,-5.28116469968299636e-62,1.78125000000000000e+00,1.00000000000000000e+00,7.50000000000000000e-01,1.00000000000000000e+00,-7.84254267702237248e-62,
1.00000000000000000e+00,0.00000000000000000e+00,0.00000000000000000e+00,-1.50908479360641682e-43,1.78125000000000000e+00,1.00000000000000000e+00,7.50000000000000000e-01,1.00000000000000000e+00,-2.18926423697325636e-43,
1.00000000000000000e+00,0.00000000000000000e+00,0.00000000000000000e+00,-4.09882198306034429e-28,1.78125000000000000e+00,1.00000000000000000e+00,7.50000000000000000e-01,1.00000000000000000e+00,-5.01566781156111618e-28,
9.91988105250575902e-01,-4.67174172710166359e-07,-4.06819143595646329e-03,-1.14561755427490207e-17,1.75575156086151218e+00,9.84031757150062303e-01,7.50000000000000000e-01,9.90263724225143638e-01,-7.93045281954546034e-18,
6.72496239662715101e-01,3.57943902379105616e-02,-1.11522344140509855e+00,-7.15001293849504002e-18,1.06067080115141454e+00,4.51338881977896955e-01,7.50000000000000000e-01,-5.40317378941750581e-01,-1.12375451065027350e-17,
1.16813217251880611e-01,-2.89630854388225820e-02,-1.12357513774209061e+00,-9.97231311010746902e-18,7.77775933705183498e-01,4.26403500640598343e-02,7.50000000000000000e-01,-9.00839965471090798e-01,-1.76903815962849463e-17,
1.15487624380831572e-01,-3.30156498189190656e-02,-2.32194710058630446e-02,-2.32098488802514403e-18,7.64136043119423847e-01,8.53452931646651453e-02,7.50000000000000000e-01,-9.85837050524887903e-01,-1.08281672506728923e-17,
1.24486532980722056e-01,-1.88492492838683904e-03,-1.25254259146542800e-03,-2.23127178437246475e-18,8.74320694708396462e-01,9.91789532395277174e-02,7.50000000000000000e-01,-1.00536164380494264e+00,-2.66871875519468727e-17,
1.24999999999999986e-01,-9.74158350925408125e-18,0.00000000000000000e+00,-9.30258447030412664e-22,8.81249999999999867e-01,9.99999999999999917e-02,7.50000000000000000e-01,-1.00000000000000000e+00,-1.30911102602259854e-21,
1.24999999999999986e-01,-9.75265105447640274e-18,0.00000000000000000e+00,-5.22576974019854313e-22,8.81249999999999867e-01,9.99999999999999917e-02,7.50000000000000000e-01,-1.00000000000000000e+00,-1.56332610685800127e-21,
1.24999999999999986e-01,-9.75705180299087805e-18,0.00000000000000000e+00,-5.52894228044516956e-21,8.81249999999999867e-01,9.99999999999999917e-02,7.50000000000000000e-01,-1.00000000000000000e+00,-4.05565453824868499e-18,
1.25000000000000000e-01,0.00000000000000000e+00,0.00000000000000000e+00,-7.82666970985573522e-41,8.81249999999999978e-01,1.00000000000000006e-01,7.50000000000000000e-01,-1.00000000000000000e+00,0.00000000000000000e+00,
1.25000000000000000e-01,0.00000000000000000e+00,0.00000000000000000e+00,-4.09609683094483459e-70,8.81249999999999978e-01,1.00000000000000006e-01,7.50000000000000000e-01,-1.00000000000000000e+00,0.00000000000000000e+00,

16,9
1.00000000000000000e+00,0.00000000000000000e+00,0.00000000000000000e+00,6.64072387878013536e-120,1.78125000000000000e+00,1.00000000000000000e+00,7.50000000000000000e-01,1.00000000000000000e+00,9.28540291592675505e-120,
1.00000000000000000e+00,0.00000000000000000e+00,0.00000000000000000e+00,6.25753126316576487e-100,1.78125000000000000e+00,1.00000000000000000e+00,7.50000000000000000e-01,1.00000000000000000e+00,9.19585217708974007e-100,
1.00000000000000000e+00,0.00000000000000000e+00,0.00000000000000000e+00,1.16924265045347537e-80,1.78125000000000000e+00,1.00000000000000000e+00,7.50000000000000000e-01,1.00000000000000000e+00,1.54516692872562094e-80,
1.00000000000000000e+00,0.00000000000000000e+00,0.00000000000000000e+00,2.39844438573024047e-63,1.78125000000000000e+00,1.00000000000000000e+00,7.50000000000000000e-01,1.00000000000000000e+00,3.42274987410649949e-63,
1.00000000000000000e+00,0.00000000000000000e+00,0.00000000000000000e+00,1.78064620466580698e-44,1.78125000000000000e+00,1.00000000000000000e+00,7.50000000000000000e-01,1.00000000000000000e+00,2.43619230666412991e-44,
1.00000000000000000e+00,0.00000000000000000e+00,0.00000000000000000e+00,3.70688059305094453e-27,1.78125000000000000e+00,1.00000000000000000e+00,7.50000000000000000e-01,1.00000000000000000e+00,4.39242150671467725e-27,
1.00000026065871905e+00,1.42619578549999914e-02,1.32230019468710369e-07,5.33368545196055461e-18,1.78125083730865286e+00,1.00000052131749873e+00,7.50000000000000000e-01,1.00000031599160821e+00,6.59503218199432899e-18,
9.79705202911987483e-01,4.35332155910164997e-01,-1.02843976940629623e-02,4.62980341004898554e-18,1.95340135207982302e+00,9.59788040872765369e-01,7.50000000000000000e-01,9.75311209137198154e-01,5.79453843886240311e-18,
7.07012122405078602e-01,4.21807125379678627e-01,-1.98290619801948891e-02,8.51813337992160750e-18,1.95432657689804512e+00,4.89470124028356768e-01,7.50000000000000000e-01,-5.28442129652491155e-01,8.13824393815551181e-18,
1.23820086208402541e-01,-4.31480837550029302e-03,-2.87694536389102159e-03,2.99441922135935546e-18,8.65427079398763732e-01,9.81188945856230066e-02,7.50000000000000000e-01,-8.83709867446307196e-01,7.52562050495373010e-18,
1.25448375773318577e-01,1.65615392769649498e-03,1.09256611180627962e-03,8.83554086439319773e-18,8.87360963216995868e-01,1.00718517509547148e-01,7.50000000000000000e-01,-9.93842281548427020e-01,7.91102069641508256e-20,
1.24999999999999986e-01,-9.72147352820117346e-18,0.00000000000000000e+00,4.70870607462250531e-22,8.81249999999999867e-01,9.99999999999999917e-02,7.50000000000000000e-01,-1.00000000000000000e+00,2.62075982737218494e-21,
1.24999999999999986e-01,-9.72917763281007979e-18,0.00000000000000000e+00,5.15473309552124233e-22,8.81249999999999867e-01,9.99999999999999917e-02,7.50000000000000000e-01,-1.00000000000000000e+00,1.77500609201712385e-21,
1.25000000000000000e-01,4.87858231313799805e-18,0.00000000000000000e+00,2.93152296503552023e-19,8.81249999999999978e-01,1.00000000000000006e-01,7.50000000000000000e-01,-1.00000000000000000e+00,2.86164212559154148e-19,
1.25000000000000000e-01,0.00000000000000000e+00,0.00000000000000000e+00,6.50952854452566939e-39,8.81249999999999978e-01,1.00000000000000006e-01,7.50000000000000000e-01,-1.00000000000000000e+00,0.00000000000000000e+00,
1.25000000000000000e-01,0.00000000000000000e+00,0.00000000000000000e+00,1.28405809938384770e-71,8.81249999999999978e-01,1.00000000000000006e-01,7.50000000000000000e-01,-1.00000000000000000e+00,0.00000000000000000e+00,

