1
1
1
0
(16 0
((0,0,0) (31,7,8) (0,0,1))
((32,0,0) (63,7,8) (0,0,1))
((64,0,0) (95,7,8) (0,0,1))
((96,0,0) (127,7,8) (0,0,1))
((128,0,0) (159,7,8) (0,0,1))
((160,0,0) (191,7,8) (0,0,1))
((192,0,0) (223,7,8) (0,0,1))
((224,0,0) (255,7,8) (0,0,1))
((256,0,0) (287,7,8) (0,0,1))
((288,0,0) (319,7,8) (0,0,1))
((320,0,0) (351,7,8) (0,0,1))
((352,0,0) (383,7,8) (0,0,1))
((384,0,0) (415,7,8) (0,0,1))
((416,0,0) (447,7,8) (0,0,1))
((448,0,0) (479,7,8) (0,0,1))
((480,0,0) (511,7,8) (0,0,1))
)
16
FabOnDisk: Cell_D_00000 222260
FabOnDisk: Cell_D_00000 0
FabOnDisk: Cell_D_00000 18520
FabOnDisk: Cell_D_00000 240779
FabOnDisk: Cell_D_00000 37040
FabOnDisk: Cell_D_00000 55562
FabOnDisk: Cell_D_00000 74084
FabOnDisk: Cell_D_00000 92606
FabOnDisk: Cell_D_00000 259300
FabOnDisk: Cell_D_00000 111128
FabOnDisk: Cell_D_00000 129650
FabOnDisk: Cell_D_00000 277822
FabOnDisk: Cell_D_00000 148172
FabOnDisk: Cell_D_00000 166694
FabOnDisk: Cell_D_00000 185216
FabOnDisk: Cell_D_00000 203738

16,1
-1.55041392474412559e-79,
-2.35364610587409422e-61,
-2.28910115296221714e-43,
-5.57864625470508912e-27,
-9.93053357992919061e-18,
-5.84673611088667226e-18,
-6.51443865505286451e-18,
-1.05472456556070850e-17,
-1.00418939575522470e-17,
-9.19127565294189500e-18,
-5.70144170639859426e-18,
-1.00039618508421925e-17,
-1.04400314373260510e-17,
-7.07259984937635209e-18,
-4.24585444907988158e-17,
-2.76657094409607807e-17,

16,1
1.49876279960094895e-78,
1.81923957411574383e-61,
2.41301766676803222e-44,
5.40659335749352046e-26,
7.23492547066194149e-18,
6.36324564009999839e-18,
7.79767728222493914e-18,
5.85844049089808882e-18,
1.01853390902689361e-17,
1.15590305470174916e-17,
1.11899537403290695e-17,
8.47992992877918445e-18,
1.96170454606553141e-17,
2.36481610874043639e-17,
6.35226232015625456e-18,
2.59563622136147001e-17,

