1
1
9
0
(16 0
((0,0,0) (31,7,7) (0,0,0))
((32,0,0) (63,7,7) (0,0,0))
((64,0,0) (95,7,7) (0,0,0))
((96,0,0) (127,7,7) (0,0,0))
((128,0,0) (159,7,7) (0,0,0))
((160,0,0) (191,7,7) (0,0,0))
((192,0,0) (223,7,7) (0,0,0))
((224,0,0) (255,7,7) (0,0,0))
((256,0,0) (287,7,7) (0,0,0))
((288,0,0) (319,7,7) (0,0,0))
((320,0,0) (351,7,7) (0,0,0))
((352,0,0) (383,7,7) (0,0,0))
((384,0,0) (415,7,7) (0,0,0))
((416,0,0) (447,7,7) (0,0,0))
((448,0,0) (479,7,7) (0,0,0))
((480,0,0) (511,7,7) (0,0,0))
)
16
FabOnDisk: Cell_D_00000 1770548
FabOnDisk: Cell_D_00000 0
FabOnDisk: Cell_D_00000 147544
FabOnDisk: Cell_D_00000 1918091
FabOnDisk: Cell_D_00000 295088
FabOnDisk: Cell_D_00000 442634
FabOnDisk: Cell_D_00000 590180
FabOnDisk: Cell_D_00000 737726
FabOnDisk: Cell_D_00000 2065636
FabOnDisk: Cell_D_00000 885272
FabOnDisk: Cell_D_00000 1032818
FabOnDisk: Cell_D_00000 2213182
FabOnDisk: Cell_D_00000 1180364
FabOnDisk: Cell_D_00000 1327910
FabOnDisk: Cell_D_00000 1475456
FabOnDisk: Cell_D_00000 1623002

16,9
1.00000000000000000e+00,0.00000000000000000e+00,0.00000000000000000e+00,-1.31770966867276224e-79,1.78125000000000000e+00,1.00000000000000000e+00,7.50000000000000000e-01,1.00000000000000000e+00,-1.55041392474412559e-79,
1.00000000000000000e+00,0.00000000000000000e+00,0.00000000000000000e+00,-1.80609572399096172e-61,1.78125000000000000e+00,1.00000000000000000e+00,7.50000000000000000e-01,1.00000000000000000e+00,-2.35364610587409422e-61,
1.00000000000000000e+00,0.00000000000000000e+00,0.00000000000000000e+00,-1.77751452300035756e-43,1.78125000000000000e+00,1.00000000000000000e+00,7.50000000000000000e-01,1.00000000000000000e+00,-2.28910115296221714e-43,
1.00000000000000000e+00,0.00000000000000000e+00,0.00000000000000000e+00,-3.64758070500504237e-27,1.78125000000000000e+00,1.00000000000000000e+00,7.50000000000000000e-01,1.00000000000000000e+00,-5.57864625470508912e-27,
9.99978109130118753e-01,-1.79425781069946328e-08,-1.11050238858386038e-05,-6.05622076719757879e-18,1.78117968197320309e+00,9.99956218713824230e-01,7.50000000000000000e-01,9.99973462031673699e-01,-9.93053357992919061e-18,
8.12757731637547720e-01,3.92291106470750932e-05,-9.25323130134897004e-02,-7.60805832354084255e-18,1.29198620852047563e+00,6.60400740484551330e-01,7.50000000000000000e-01,7.67149629054817206e-01,-5.84673611088667226e-18,
6.74010693794027560e-01,2.94806660363824968e-01,-1.58931330303196061e-01,-5.32133159488623461e-18,1.06227012849454971e+00,4.54002181233105040e-01,7.50000000000000000e-01,5.81763648617213081e-01,-6.51443865505286451e-18,
6.76222285669187961e-01,3.74672495317598830e-01,-1.11101976877505826e+00,-7.30607751769471650e-18,1.06501429714745743e+00,4.56890322471770638e-01,7.50000000000000000e-01,-5.39421260064906427e-01,-1.05472456556070850e-17,
2.93449857157072946e-01,1.78538703561402889e-01,-1.11321402986854534e+00,-6.28356851873117343e-18,1.36694894986863136e+00,1.37860694983426790e-01,7.50000000000000000e-01,-5.39141429105592374e-01,-1.00418939575522470e-17,
2.28986954836321838e-01,1.35358013180750580e-01,-3.84612630805012401e-01,-6.18507069427177372e-18,1.26422404779422637e+00,3.49070260328793736e-01,7.50000000000000000e-01,-5.36983343656216139e-01,-9.19127565294189500e-18,
1.16503048464095524e-01,-2.96856543421871906e-02,-3.76463022430764072e-01,-3.12752718809495658e-18,7.75496390780171629e-01,8.68549497502976026e-02,7.50000000000000000e-01,-9.08412278353319835e-01,-5.70144170639859426e-18,
1.16534039948873278e-01,-2.95833235492765738e-02,-2.06566290758232497e-02,-2.25780747296212357e-18,7.75847655542387882e-01,8.69026807609433183e-02,7.50000000000000000e-01,-9.08718031396688830e-01,-1.00039618508421925e-17,
1.16115842582051987e-01,-3.09604534122138661e-02,-2.16797330539863185e-02,-3.95488675044308364e-18,7.71133318872854856e-01,8.62840529798895584e-02,7.50000000000000000e-01,-9.11285222608183121e-01,-1.04400314373260510e-17,
1.15857751761328384e-01,-3.18065130291782308e-02,-2.23114342596382881e-02,-1.18445735218275154e-17,7.68246123154883276e-01,8.59008149040807051e-02,7.50000000000000000e-01,-1.00400476716877396e+00,-7.07259984937635209e-18,
1.24910114359958024e-01,-3.30927833988467490e-04,-2.19058970903592335e-04,-1.53553410153251733e-17,8.80031380017312959e-01,9.98562239803604534e-02,7.50000000000000000e-01,-1.00464121113938609e+00,-4.24585444907988158e-17,
1.24999999999999514e-01,-1.69292223704348285e-17,-6.31556996447836602e-17,-9.92300034423566028e-18,8.81250000000000089e-01,9.99999999999995198e-02,7.50000000000000000e-01,-1.00000000000000000e+00,-2.76657094409607807e-17,

16,9
1.00000000000000000e+00,0.00000000000000000e+00,0.00000000000000000e+00,1.23227674266571545e-78,1.78125000000000000e+00,1.00000000000000000e+00,7.50000000000000000e-01,1.00000000000000000e+00,1.49876279960094895e-78,
1.00000000000000000e+00,0.00000000000000000e+00,0.00000000000000000e+00,2.11684745739793584e-61,1.78125000000000000e+00,1.00000000000000000e+00,7.50000000000000000e-01,1.00000000000000000e+00,1.81923957411574383e-61,
1.00000000000000000e+00,0.00000000000000000e+00,0.00000000000000000e+00,1.91170074870412222e-44,1.78125000000000000e+00,1.00000000000000000e+00,7.50000000000000000e-01,1.00000000000000000e+00,2.41301766676803222e-44,
1.00000000000000000e+00,0.00000000000000000e+00,0.00000000000000000e+00,4.13969056367036577e-26,1.78125000000000000e+00,1.00000000000000000e+00,7.50000000000000000e-01,1.00000000000000000e+00,5.40659335749352046e-26,
1.00000001001101357e+00,3.92339628410551445e-05,5.07850546207303260e-09,4.90719417896191115e-18,1.78125003215819588e+00,1.00000002002202826e+00,7.50000000000000000e-01,1.00000001213616607e+00,7.23492547066194149e-18,
9.99978111855168383e-01,2.86877429201155609e-01,-1.11036460863140709e-05,8.09210154681566562e-18,1.78117969073577975e+00,9.99956224161972385e-01,7.50000000000000000e-01,9.99973465337001932e-01,6.36324564009999839e-18,
8.06431608085827922e-01,4.32519859546395324e-01,-9.55814335112803587e-02,6.01104999927629030e-18,1.27918767491282215e+00,6.50152348242521883e-01,7.50000000000000000e-01,7.59013145136876122e-01,7.79767728222493914e-18,
8.20422400406435326e-01,4.35305363604268081e-01,-1.56915879346799292e-01,5.41247055350434149e-18,1.95089125361026161e+00,6.67744041256403520e-01,7.50000000000000000e-01,5.87644566877538077e-01,5.85844049089808882e-18,
7.03535355731102041e-01,4.26663420433436358e-01,-4.63730180886450127e-01,7.23187421020668650e-18,1.95580833418692657e+00,4.89558223831651373e-01,7.50000000000000000e-01,-5.30221630061774141e-01,1.01853390902689361e-17,
2.43729729077874213e-01,1.47277090674631683e-01,-3.62384209939790647e-01,7.17798582355349276e-18,1.28928742622391113e+00,4.14901199574701063e-01,7.50000000000000000e-01,-5.29285614017737993e-01,1.15590305470174916e-17,
2.36315427386333210e-01,1.44164250029101521e-01,-1.83625280096086189e-02,6.10953006103389679e-18,1.28482215049650073e+00,4.13531198953528523e-01,7.50000000000000000e-01,-5.28096266232197409e-01,1.11899537403290695e-17,
1.17496713198096861e-01,-2.63824405795931964e-02,-1.83024874503271325e-02,4.24047008315743326e-18,7.86877878896138805e-01,8.83437357667008066e-02,7.50000000000000000e-01,-8.96769495729525024e-01,8.47992992877918445e-18,
1.17704081979358263e-01,-2.56874721146525299e-02,-1.77953597172866608e-02,3.57252979993048471e-18,7.89286350273261217e-01,8.86594494301299330e-02,7.50000000000000000e-01,-8.91560859766299618e-01,1.96170454606553141e-17,
1.25334811475287633e-01,1.23585425049276194e-03,8.15916144033715157e-04,4.53138843077934218e-20,8.85808214614647760e-01,1.00536261157987347e-01,7.50000000000000000e-01,-8.88340509811199053e-01,2.36481610874043639e-17,
1.25388058043113759e-01,1.43281324284497266e-03,9.45677990138737729e-04,3.23297144713890924e-18,8.86535689060244714e-01,1.00621711074554004e-01,7.50000000000000000e-01,-9.98923909329251569e-01,6.35226232015625456e-18,
1.25000000000000056e-01,1.53531074187813396e-16,5.84747193922853893e-17,1.28217941495727104e-17,8.81250000000000311e-01,1.00000000000000450e-01,7.50000000000000000e-01,-1.00000000000000000e+00,2.59563622136147001e-17,

