1
1
1
0
(16 0
((0,0,0) (31,7,8) (0,0,1))
((32,0,0) (63,7,8) (0,0,1))
((64,0,0) (95,7,8) (0,0,1))
((96,0,0) (127,7,8) (0,0,1))
((128,0,0) (159,7,8) (0,0,1))
((160,0,0) (191,7,8) (0,0,1))
((192,0,0) (223,7,8) (0,0,1))
((224,0,0) (255,7,8) (0,0,1))
((256,0,0) (287,7,8) (0,0,1))
((288,0,0) (319,7,8) (0,0,1))
((320,0,0) (351,7,8) (0,0,1))
((352,0,0) (383,7,8) (0,0,1))
((384,0,0) (415,7,8) (0,0,1))
((416,0,0) (447,7,8) (0,0,1))
((448,0,0) (479,7,8) (0,0,1))
((480,0,0) (511,7,8) (0,0,1))
)
16
FabOnDisk: Cell_D_00000 222260
FabOnDisk: Cell_D_00000 0
FabOnDisk: Cell_D_00000 18520
FabOnDisk: Cell_D_00000 240779
FabOnDisk: Cell_D_00000 37040
FabOnDisk: Cell_D_00000 55562
FabOnDisk: Cell_D_00000 74084
FabOnDisk: Cell_D_00000 92606
FabOnDisk: Cell_D_00000 259300
FabOnDisk: Cell_D_00000 111128
FabOnDisk: Cell_D_00000 129650
FabOnDisk: Cell_D_00000 277822
FabOnDisk: Cell_D_00000 148172
FabOnDisk: Cell_D_00000 166694
FabOnDisk: Cell_D_00000 185216
FabOnDisk: Cell_D_00000 203738

16,1
-3.61015323274373244e-147,
-1.83532058661695253e-122,
-1.34378138279336718e-98,
-3.49268524144092228e-77,
-2.55682937921730394e-57,
-1.70222329541330542e-38,
-5.67196182290252753e-18,
-2.37319089247248489e-17,
-4.23974457263791466e-17,
-3.32621087449119330e-17,
-1.29327942075118553e-25,
-2.73951977719457733e-41,
-4.00729114341582392e-59,
-5.39902793807848627e-77,
-7.85353837981953521e-96,
-5.78159628270406765e-115,

16,1
4.19843273659662538e-146,
1.20300216830026256e-122,
3.17961467901220864e-99,
4.07545646897580137e-77,
3.03120400229495217e-56,
9.67806935059182044e-38,
6.15566133064198970e-18,
3.43123624431023440e-17,
5.18510654672888323e-17,
2.58072033906902868e-17,
1.39145135094226453e-25,
2.70598373869462037e-42,
3.99657034571473585e-58,
4.74731618904144788e-76,
5.43070578371001888e-95,
2.86041632196787166e-115,

