1
1
1
0
(16 0
((0,0,0) (31,8,7) (0,1,0))
((32,0,0) (63,8,7) (0,1,0))
((64,0,0) (95,8,7) (0,1,0))
((96,0,0) (127,8,7) (0,1,0))
((128,0,0) (159,8,7) (0,1,0))
((160,0,0) (191,8,7) (0,1,0))
((192,0,0) (223,8,7) (0,1,0))
((224,0,0) (255,8,7) (0,1,0))
((256,0,0) (287,8,7) (0,1,0))
((288,0,0) (319,8,7) (0,1,0))
((320,0,0) (351,8,7) (0,1,0))
((352,0,0) (383,8,7) (0,1,0))
((384,0,0) (415,8,7) (0,1,0))
((416,0,0) (447,8,7) (0,1,0))
((448,0,0) (479,8,7) (0,1,0))
((480,0,0) (511,8,7) (0,1,0))
)
16
FabOnDisk: Cell_D_00000 222260
FabOnDisk: Cell_D_00000 0
FabOnDisk: Cell_D_00000 18520
FabOnDisk: Cell_D_00000 240779
FabOnDisk: Cell_D_00000 37040
FabOnDisk: Cell_D_00000 55562
FabOnDisk: Cell_D_00000 74084
FabOnDisk: Cell_D_00000 92606
FabOnDisk: Cell_D_00000 259300
FabOnDisk: Cell_D_00000 111128
FabOnDisk: Cell_D_00000 129650
FabOnDisk: Cell_D_00000 277822
FabOnDisk: Cell_D_00000 148172
FabOnDisk: Cell_D_00000 166694
FabOnDisk: Cell_D_00000 185216
FabOnDisk: Cell_D_00000 203738

16,1
1.00000000000000000e+00,
1.00000000000000000e+00,
1.00000000000000000e+00,
1.00000000000000000e+00,
9.99999999999475420e-01,
8.54082509013166069e-01,
5.81967174538345011e-01,
-5.38710637455482422e-01,
-5.39368309320139128e-01,
-7.02431758558427322e-01,
-9.05400762707658346e-01,
-9.10388270057054139e-01,
-9.86948314806451510e-01,
-1.00529858194095922e+00,
-1.00000000000000000e+00,
-1.00000000000000000e+00,

16,1
1.00000000000000000e+00,
1.00000000000000000e+00,
1.00000000000000000e+00,
1.00000000000000000e+00,
1.00000000003331779e+00,
1.00000005317247864e+00,
8.44503378904778113e-01,
5.89624004877904562e-01,
-5.30758323519712416e-01,
-5.28266702462342308e-01,
-8.43580315420271454e-01,
-8.97548175150731153e-01,
-8.86001188593450784e-01,
-9.91295600448386494e-01,
-1.00000000000000000e+00,
-1.00000000000000000e+00,

