1
1
1
0
(16 0
((0,0,0) (31,7,8) (0,0,1))
((32,0,0) (63,7,8) (0,0,1))
((64,0,0) (95,7,8) (0,0,1))
((96,0,0) (127,7,8) (0,0,1))
((128,0,0) (159,7,8) (0,0,1))
((160,0,0) (191,7,8) (0,0,1))
((192,0,0) (223,7,8) (0,0,1))
((224,0,0) (255,7,8) (0,0,1))
((256,0,0) (287,7,8) (0,0,1))
((288,0,0) (319,7,8) (0,0,1))
((320,0,0) (351,7,8) (0,0,1))
((352,0,0) (383,7,8) (0,0,1))
((384,0,0) (415,7,8) (0,0,1))
((416,0,0) (447,7,8) (0,0,1))
((448,0,0) (479,7,8) (0,0,1))
((480,0,0) (511,7,8) (0,0,1))
)
16
FabOnDisk: Cell_D_00000 222260
FabOnDisk: Cell_D_00000 0
FabOnDisk: Cell_D_00000 18520
FabOnDisk: Cell_D_00000 240779
FabOnDisk: Cell_D_00000 37040
FabOnDisk: Cell_D_00000 55562
FabOnDisk: Cell_D_00000 74084
FabOnDisk: Cell_D_00000 92606
FabOnDisk: Cell_D_00000 259300
FabOnDisk: Cell_D_00000 111128
FabOnDisk: Cell_D_00000 129650
FabOnDisk: Cell_D_00000 277822
FabOnDisk: Cell_D_00000 148172
FabOnDisk: Cell_D_00000 166694
FabOnDisk: Cell_D_00000 185216
FabOnDisk: Cell_D_00000 203738

16,1
-8.81046914644337125e-106,
-1.18900248007366451e-87,
-6.89936289117005289e-70,
-1.17433863122303104e-52,
-7.51063691552561145e-36,
-2.98193977936275465e-18,
-6.35105827927358050e-18,
-8.05581701316315734e-18,
-1.46570065382868669e-17,
-1.16197777548533728e-17,
-1.11326425591360337e-17,
-7.56591268996414012e-18,
-7.57634499388405681e-18,
-7.57705299643576710e-18,
-7.57494235043596876e-18,
-7.69489993193987810e-18,

16,1
2.50095682330052776e-105,
1.32651709910982243e-86,
2.11892496919210000e-69,
1.46996184423111266e-53,
5.10060564527196045e-36,
4.74659986811331642e-18,
7.52392272089938165e-18,
7.87156921364685873e-18,
1.38643202071314996e-17,
7.84663591687500590e-18,
1.69098259751912601e-17,
3.08982925007783774e-17,
-7.56125872514225610e-18,
-7.57122353971423497e-18,
-7.56878344179961937e-18,
-3.19317507161151604e-18,

