1
1
9
0
(16 0
((0,0,0) (31,7,7) (0,0,0))
((32,0,0) (63,7,7) (0,0,0))
((64,0,0) (95,7,7) (0,0,0))
((96,0,0) (127,7,7) (0,0,0))
((128,0,0) (159,7,7) (0,0,0))
((160,0,0) (191,7,7) (0,0,0))
((192,0,0) (223,7,7) (0,0,0))
((224,0,0) (255,7,7) (0,0,0))
((256,0,0) (287,7,7) (0,0,0))
((288,0,0) (319,7,7) (0,0,0))
((320,0,0) (351,7,7) (0,0,0))
((352,0,0) (383,7,7) (0,0,0))
((384,0,0) (415,7,7) (0,0,0))
((416,0,0) (447,7,7) (0,0,0))
((448,0,0) (479,7,7) (0,0,0))
((480,0,0) (511,7,7) (0,0,0))
)
16
FabOnDisk: Cell_D_00000 1770548
FabOnDisk: Cell_D_00000 0
FabOnDisk: Cell_D_00000 147544
FabOnDisk: Cell_D_00000 1918091
FabOnDisk: Cell_D_00000 295088
FabOnDisk: Cell_D_00000 442634
FabOnDisk: Cell_D_00000 590180
FabOnDisk: Cell_D_00000 737726
FabOnDisk: Cell_D_00000 2065636
FabOnDisk: Cell_D_00000 885272
FabOnDisk: Cell_D_00000 1032818
FabOnDisk: Cell_D_00000 2213182
FabOnDisk: Cell_D_00000 1180364
FabOnDisk: Cell_D_00000 1327910
FabOnDisk: Cell_D_00000 1475456
FabOnDisk: Cell_D_00000 1623002

16,9
1.00000000000000000e+00,0.00000000000000000e+00,0.00000000000000000e+00,-1.03835639467153839e-93,1.78125000000000000e+00,1.00000000000000000e+00,7.50000000000000000e-01,1.00000000000000000e+00,-5.82051587016175354e-94,
1.00000000000000000e+00,0.00000000000000000e+00,0.00000000000000000e+00,-1.73162714427911345e-76,1.78125000000000000e+00,1.00000000000000000e+00,7.50000000000000000e-01,1.00000000000000000e+00,-2.33372732273374657e-76,
1.00000000000000000e+00,0.00000000000000000e+00,0.00000000000000000e+00,-5.02726873284209417e-61,1.78125000000000000e+00,1.00000000000000000e+00,7.50000000000000000e-01,1.00000000000000000e+00,-5.96954763097685394e-61,
1.00000000000000000e+00,0.00000000000000000e+00,0.00000000000000000e+00,-8.86653465878167643e-44,1.78125000000000000e+00,1.00000000000000000e+00,7.50000000000000000e-01,1.00000000000000000e+00,-1.13828984249091396e-43,
1.00000000000000000e+00,0.00000000000000000e+00,0.00000000000000000e+00,-1.01507764804289749e-27,1.78125000000000000e+00,1.00000000000000000e+00,7.50000000000000000e-01,1.00000000000000000e+00,-1.43980411898861097e-27,
9.97079134542749324e-01,-1.60190568747437731e-07,-1.48261207202909223e-03,-9.67720149073096877e-18,1.77189986815954126e+00,9.94165567989857668e-01,7.50000000000000000e-01,9.96455175334105214e-01,-5.99725674756440156e-18,
7.09855818902201063e-01,1.47164939798639979e-02,-1.41813755827839588e-01,-7.10876945712949945e-18,1.11167748932674915e+00,5.03529646612235093e-01,7.50000000000000000e-01,6.31292222777603773e-01,-7.67493672336660991e-18,
6.73600420570549030e-01,3.83639309660889050e-01,-1.11654320720559430e+00,-1.02376597870704489e-17,1.06173567322141471e+00,4.53349748905398364e-01,7.50000000000000000e-01,-5.46212301995008143e-01,-1.17661091444968164e-17,
2.29235337811885181e-01,1.35215152459131016e-01,-1.11500958594760413e+00,-9.21272562649894079e-18,1.26583377121160878e+00,1.09015287498819335e-01,7.50000000000000000e-01,-5.39168294643120660e-01,-1.21393780590577776e-17,
1.16636522962267897e-01,-2.92404382987890218e-02,-3.75989406143814320e-01,-3.71792511913197066e-18,7.77000377682048549e-01,8.70515085373075315e-02,7.50000000000000000e-01,-9.04024320506411461e-01,-1.54038777378881762e-17,
1.16600283315208483e-01,-2.93739385344676113e-02,-2.05034025520261856e-02,-4.66821676716924198e-18,7.76578103775200423e-01,8.69996180833600141e-02,7.50000000000000000e-01,-9.09129534016772656e-01,-1.54448321945156020e-17,
1.15619434788936201e-01,-3.25849107690928536e-02,-2.28953406278590427e-02,-1.94532557696763534e-18,7.65596203200837433e-01,8.55450642093868174e-02,7.50000000000000000e-01,-9.86660452921263031e-01,-2.23775412839005348e-17,
1.24316677834638775e-01,-2.50650795926555788e-03,-1.66581737909531828e-03,3.70604061437648383e-22,8.72040930590617935e-01,9.89086511342235214e-02,7.50000000000000000e-01,-1.00548761423853228e+00,-2.67619608650518102e-17,
1.24999999999999986e-01,-9.76274314534122179e-18,0.00000000000000000e+00,-6.91721025202216767e-22,8.81249999999999867e-01,9.99999999999999917e-02,7.50000000000000000e-01,-1.00000000000000000e+00,-1.47990456226107183e-21,
1.24999999999999986e-01,-9.75068688146650633e-18,0.00000000000000000e+00,-3.19578620978690703e-22,8.81249999999999867e-01,9.99999999999999917e-02,7.50000000000000000e-01,-1.00000000000000000e+00,-1.41456495107124551e-21,
1.24999999999999986e-01,-9.25656848045673097e-17,0.00000000000000000e+00,-3.87626647405865119e-19,8.81249999999999867e-01,9.99999999999999500e-02,7.50000000000000000e-01,-1.00000000000000000e+00,-1.09380833680485552e-18,

16,9
1.00000000000000000e+00,0.00000000000000000e+00,0.00000000000000000e+00,1.73426554165005499e-93,1.78125000000000000e+00,1.00000000000000000e+00,7.50000000000000000e-01,1.00000000000000000e+00,2.21623631394641143e-93,
1.00000000000000000e+00,0.00000000000000000e+00,0.00000000000000000e+00,6.18187072259124782e-76,1.78125000000000000e+00,1.00000000000000000e+00,7.50000000000000000e-01,1.00000000000000000e+00,7.10821900255086960e-76,
1.00000000000000000e+00,0.00000000000000000e+00,0.00000000000000000e+00,5.07929521758842416e-60,1.78125000000000000e+00,1.00000000000000000e+00,7.50000000000000000e-01,1.00000000000000000e+00,6.05367276297783752e-60,
1.00000000000000000e+00,0.00000000000000000e+00,0.00000000000000000e+00,1.28749346154403590e-43,1.78125000000000000e+00,1.00000000000000000e+00,7.50000000000000000e-01,1.00000000000000000e+00,1.34981390196436838e-43,
1.00000000000000000e+00,0.00000000000000000e+00,0.00000000000000000e+00,1.16647678362225982e-26,1.78125000000000000e+00,1.00000000000000000e+00,7.50000000000000000e-01,1.00000000000000000e+00,1.70609671130730106e-26,
1.00000008937789397e+00,5.22173773629900587e-03,4.53410253863056481e-08,8.09460650416198619e-18,1.78125028710707300e+00,1.00000017875579394e+00,7.50000000000000000e-01,1.00000010835126907e+00,5.07848881314286439e-18,
9.91734833481343281e-01,4.00694739143378165e-01,-4.19160401977003352e-03,5.72068154102783417e-18,1.75493885821784956e+00,9.83531932376137008e-01,7.50000000000000000e-01,9.89965064907968983e-01,7.83989661251539919e-18,
8.19461383988197234e-01,4.35503652939009001e-01,-1.45750784624147867e-01,1.03600499582524677e-17,1.95265934968211985e+00,6.85297251889594783e-01,7.50000000000000000e-01,6.20017724857553132e-01,1.75856850333627272e-17,
7.06009377909745384e-01,4.23062232271697924e-01,-3.63406338705263787e-01,7.07456607176162473e-18,1.95169249578580173e+00,4.87540400517407324e-01,7.50000000000000000e-01,-5.26391262275351490e-01,7.67356680010402373e-18,
2.37070588031658841e-01,1.44559978797169836e-01,-1.91843487464422938e-02,3.22964320152615889e-18,1.28566048723644255e+00,4.12522585825455423e-01,7.50000000000000000e-01,-5.29386239067592412e-01,1.12141951384199772e-17,
1.17529787961486193e-01,-2.62711976226587471e-02,-1.82211677472263849e-02,1.88617672612725268e-18,7.87263275091838022e-01,8.83938379897649534e-02,7.50000000000000000e-01,-8.97567279805457141e-01,7.14250900319256840e-18,
1.23888228854092772e-01,-4.06772657310736519e-03,-2.70994029954495967e-03,4.69724053662720260e-18,8.66328923631861203e-01,9.82276628596521345e-02,7.50000000000000000e-01,-8.85361273374944635e-01,9.65644192909794913e-18,
1.25458905223389483e-01,1.69511942310066055e-03,1.11829916138789275e-03,6.99714725470195763e-18,8.87504986375323712e-01,1.00735412657646808e-01,7.50000000000000000e-01,-9.91807256280098137e-01,-1.40180028988434727e-21,
1.24999999999999986e-01,-9.74826101558758154e-18,0.00000000000000000e+00,3.76939494014656809e-22,8.81249999999999867e-01,9.99999999999999917e-02,7.50000000000000000e-01,-1.00000000000000000e+00,1.95656466333726280e-21,
1.24999999999999986e-01,-9.73933100079042682e-18,0.00000000000000000e+00,6.69862471427815936e-22,8.81249999999999867e-01,9.99999999999999917e-02,7.50000000000000000e-01,-1.00000000000000000e+00,1.31049351092323544e-21,
1.25000000000000000e-01,-9.73904372149295212e-18,0.00000000000000000e+00,1.36893173604591407e-19,8.81249999999999978e-01,1.00000000000000075e-01,7.50000000000000000e-01,-1.00000000000000000e+00,3.86983325169569759e-19,

