1
1
1
0
(16 0
((0,0,0) (31,8,7) (0,1,0))
((32,0,0) (63,8,7) (0,1,0))
((64,0,0) (95,8,7) (0,1,0))
((96,0,0) (127,8,7) (0,1,0))
((128,0,0) (159,8,7) (0,1,0))
((160,0,0) (191,8,7) (0,1,0))
((192,0,0) (223,8,7) (0,1,0))
((224,0,0) (255,8,7) (0,1,0))
((256,0,0) (287,8,7) (0,1,0))
((288,0,0) (319,8,7) (0,1,0))
((320,0,0) (351,8,7) (0,1,0))
((352,0,0) (383,8,7) (0,1,0))
((384,0,0) (415,8,7) (0,1,0))
((416,0,0) (447,8,7) (0,1,0))
((448,0,0) (479,8,7) (0,1,0))
((480,0,0) (511,8,7) (0,1,0))
)
16
FabOnDisk: Cell_D_00000 222260
FabOnDisk: Cell_D_00000 0
FabOnDisk: Cell_D_00000 18520
FabOnDisk: Cell_D_00000 240779
FabOnDisk: Cell_D_00000 37040
FabOnDisk: Cell_D_00000 55562
FabOnDisk: Cell_D_00000 74084
FabOnDisk: Cell_D_00000 92606
FabOnDisk: Cell_D_00000 259300
FabOnDisk: Cell_D_00000 111128
FabOnDisk: Cell_D_00000 129650
FabOnDisk: Cell_D_00000 277822
FabOnDisk: Cell_D_00000 148172
FabOnDisk: Cell_D_00000 166694
FabOnDisk: Cell_D_00000 185216
FabOnDisk: Cell_D_00000 203738

16,1
1.00000000000000000e+00,
1.00000000000000000e+00,
1.00000000000000000e+00,
1.00000000000000000e+00,
1.00000000000000000e+00,
9.99999999999983680e-01,
7.56605369822085483e-01,
-5.34446766232146264e-01,
-5.38982946425694776e-01,
-9.09488306745965924e-01,
-9.85485213173312391e-01,
-1.00662003365932473e+00,
-1.00000000000000000e+00,
-1.00000000000000000e+00,
-1.00000000000000000e+00,
-1.00000000000000000e+00,

16,1
1.00000000000000000e+00,
1.00000000000000000e+00,
1.00000000000000000e+00,
1.00000000000000000e+00,
1.00000000000000000e+00,
1.00000000000005440e+00,
1.00000006435128497e+00,
7.41378857125384316e-01,
-5.27946691979469307e-01,
-5.31303461452261927e-01,
-8.88022408062460133e-01,
-9.92304915162549150e-01,
-1.00000000000000000e+00,
-1.00000000000000000e+00,
-1.00000000000000000e+00,
-1.00000000000000000e+00,

