1
1
9
0
(16 0
((0,0,0) (31,7,7) (0,0,0))
((32,0,0) (63,7,7) (0,0,0))
((64,0,0) (95,7,7) (0,0,0))
((96,0,0) (127,7,7) (0,0,0))
((128,0,0) (159,7,7) (0,0,0))
((160,0,0) (191,7,7) (0,0,0))
((192,0,0) (223,7,7) (0,0,0))
((224,0,0) (255,7,7) (0,0,0))
((256,0,0) (287,7,7) (0,0,0))
((288,0,0) (319,7,7) (0,0,0))
((320,0,0) (351,7,7) (0,0,0))
((352,0,0) (383,7,7) (0,0,0))
((384,0,0) (415,7,7) (0,0,0))
((416,0,0) (447,7,7) (0,0,0))
((448,0,0) (479,7,7) (0,0,0))
((480,0,0) (511,7,7) (0,0,0))
)
16
FabOnDisk: Cell_D_00000 1770548
FabOnDisk: Cell_D_00000 0
FabOnDisk: Cell_D_00000 147544
FabOnDisk: Cell_D_00000 1918091
FabOnDisk: Cell_D_00000 295088
FabOnDisk: Cell_D_00000 442634
FabOnDisk: Cell_D_00000 590180
FabOnDisk: Cell_D_00000 737726
FabOnDisk: Cell_D_00000 2065636
FabOnDisk: Cell_D_00000 885272
FabOnDisk: Cell_D_00000 1032818
FabOnDisk: Cell_D_00000 2213182
FabOnDisk: Cell_D_00000 1180364
FabOnDisk: Cell_D_00000 1327910
FabOnDisk: Cell_D_00000 1475456
FabOnDisk: Cell_D_00000 1623002

16,9
1.00000000000000000e+00,0.00000000000000000e+00,0.00000000000000000e+00,-3.89324419267660014e-119,1.78125000000000000e+00,1.00000000000000000e+00,7.50000000000000000e-01,1.00000000000000000e+00,-5.79650121625164140e-119,
1.00000000000000000e+00,0.00000000000000000e+00,0.00000000000000000e+00,-5.95400164362387204e-100,1.78125000000000000e+00,1.00000000000000000e+00,7.50000000000000000e-01,1.00000000000000000e+00,-9.24315552682198983e-100,
1.00000000000000000e+00,0.00000000000000000e+00,0.00000000000000000e+00,-4.26532445576735240e-81,1.78125000000000000e+00,1.00000000000000000e+00,7.50000000000000000e-01,1.00000000000000000e+00,-6.90232532326553799e-81,
1.00000000000000000e+00,0.00000000000000000e+00,0.00000000000000000e+00,-3.45744846716573499e-61,1.78125000000000000e+00,1.00000000000000000e+00,7.50000000000000000e-01,1.00000000000000000e+00,-3.97490807435085016e-61,
1.00000000000000000e+00,0.00000000000000000e+00,0.00000000000000000e+00,-3.49569175732161417e-43,1.78125000000000000e+00,1.00000000000000000e+00,7.50000000000000000e-01,1.00000000000000000e+00,-4.75421621394666962e-43,
1.00000000000000000e+00,0.00000000000000000e+00,0.00000000000000000e+00,-2.50918259706993801e-26,1.78125000000000000e+00,1.00000000000000000e+00,7.50000000000000000e-01,1.00000000000000000e+00,-1.10268988591663793e-26,
9.93796217868571863e-01,-6.74149949260382334e-07,-3.18179382156838497e-03,-5.75358439193360961e-17,1.76145906970698229e+00,9.87624616866280780e-01,7.50000000000000000e-01,9.92425654839146243e-01,-5.97302586990498915e-17,
6.74858902634357660e-01,3.10353289898982719e-02,-1.12649485599183574e+00,-5.88908874677175136e-17,1.06351294235362404e+00,4.54575910921125703e-01,7.50000000000000000e-01,-5.46741756896668596e-01,-5.00284436927330610e-17,
1.15560270934882664e-01,-3.16460211254812745e-02,-1.14369062565399138e+00,-3.36080679457933175e-17,7.51903204827947369e-01,3.26025683621342099e-02,7.50000000000000000e-01,-9.03603841704267108e-01,-5.53542004571988800e-17,
1.15620779002267290e-01,-3.25743180169540611e-02,-2.28865759360857568e-02,-2.46066992358837356e-17,7.65628006597186217e-01,8.55370970069165015e-02,7.50000000000000000e-01,-9.96705801006864345e-01,-6.47382942961055197e-17,
1.24897930460386164e-01,-3.78237916489827732e-04,-2.51567464830791438e-04,-2.36004493431634566e-17,8.79860686263373104e-01,9.98367312734084467e-02,7.50000000000000000e-01,-1.01561504611792475e+00,-6.03982881690087679e-17,
1.25000000000000000e-01,0.00000000000000000e+00,0.00000000000000000e+00,-1.81044087187148674e-21,8.81249999999999978e-01,1.00000000000000006e-01,7.50000000000000000e-01,-1.00000000000000000e+00,-7.41957292135237396e-19,
1.25000000000000000e-01,0.00000000000000000e+00,0.00000000000000000e+00,-3.06796851949921227e-38,8.81249999999999978e-01,1.00000000000000006e-01,7.50000000000000000e-01,-1.00000000000000000e+00,0.00000000000000000e+00,
1.25000000000000000e-01,0.00000000000000000e+00,0.00000000000000000e+00,-3.63998433168210399e-63,8.81249999999999978e-01,1.00000000000000006e-01,7.50000000000000000e-01,-1.00000000000000000e+00,0.00000000000000000e+00,
1.25000000000000000e-01,0.00000000000000000e+00,0.00000000000000000e+00,-2.45367607500357363e-86,8.81249999999999978e-01,1.00000000000000006e-01,7.50000000000000000e-01,-1.00000000000000000e+00,0.00000000000000000e+00,
1.25000000000000000e-01,0.00000000000000000e+00,0.00000000000000000e+00,-1.00507599748310703e-109,8.81249999999999978e-01,1.00000000000000006e-01,7.50000000000000000e-01,-1.00000000000000000e+00,0.00000000000000000e+00,

16,9
1.00000000000000000e+00,0.00000000000000000e+00,0.00000000000000000e+00,2.44391333462685751e-120,1.78125000000000000e+00,1.00000000000000000e+00,7.50000000000000000e-01,1.00000000000000000e+00,3.40496517836741020e-120,
1.00000000000000000e+00,0.00000000000000000e+00,0.00000000000000000e+00,3.59795333163980548e-99,1.78125000000000000e+00,1.00000000000000000e+00,7.50000000000000000e-01,1.00000000000000000e+00,4.72628004172013995e-99,
1.00000000000000000e+00,0.00000000000000000e+00,0.00000000000000000e+00,3.45803213335673123e-80,1.78125000000000000e+00,1.00000000000000000e+00,7.50000000000000000e-01,1.00000000000000000e+00,4.53124654319165480e-80,
1.00000000000000000e+00,0.00000000000000000e+00,0.00000000000000000e+00,1.49628049846009985e-61,1.78125000000000000e+00,1.00000000000000000e+00,7.50000000000000000e-01,1.00000000000000000e+00,2.02820199330100919e-61,
1.00000000000000000e+00,0.00000000000000000e+00,0.00000000000000000e+00,3.31180369991784142e-44,1.78125000000000000e+00,1.00000000000000000e+00,7.50000000000000000e-01,1.00000000000000000e+00,4.37347874488033039e-44,
1.00000000000000000e+00,0.00000000000000000e+00,0.00000000000000000e+00,4.50064253427724003e-26,1.78125000000000000e+00,1.00000000000000000e+00,7.50000000000000000e-01,1.00000000000000000e+00,5.88306803001444838e-26,
1.00000037792497753e+00,1.10583219803627973e-02,1.61231525808656526e-07,3.29066874412701868e-17,1.78125118484602529e+00,1.00000075585008874e+00,7.50000000000000000e-01,1.00000038584609174e+00,3.53360989936866568e-17,
9.82439619692523913e-01,4.35803025273368616e-01,-8.91456030042373990e-03,6.25385632291320198e-17,1.98673581892512208e+00,9.65158804895965394e-01,7.50000000000000000e-01,9.78614772288345591e-01,4.47813904326339816e-17,
7.17688818090947644e-01,4.34801362189137452e-01,-1.91437204127970183e-02,3.47571192994104461e-17,1.98711350681413457e+00,5.01339431732961471e-01,7.50000000000000000e-01,-5.22927075273439068e-01,5.61188908665351604e-17,
1.24725256208802690e-01,-1.00647194382203517e-03,-6.69237023007487344e-04,2.13757016638916288e-17,8.77548117305257169e-01,9.95557747647239227e-02,7.50000000000000000e-01,-8.85396700577651408e-01,4.58220973478207652e-17,
1.26307132845401043e-01,4.85358136464692294e-03,3.18668864093658421e-03,2.73916201340006136e-17,8.99213635412904444e-01,1.02100284291627874e-01,7.50000000000000000e-01,-9.98762990331740763e-01,2.42478493361088046e-17,
1.25000000000000000e-01,0.00000000000000000e+00,0.00000000000000000e+00,2.25750059273597080e-19,8.81249999999999978e-01,1.00000000000000006e-01,7.50000000000000000e-01,-1.00000000000000000e+00,7.76513644560254326e-21,
1.25000000000000000e-01,0.00000000000000000e+00,0.00000000000000000e+00,1.64672945875522699e-39,8.81249999999999978e-01,1.00000000000000006e-01,7.50000000000000000e-01,-1.00000000000000000e+00,0.00000000000000000e+00,
1.25000000000000000e-01,0.00000000000000000e+00,0.00000000000000000e+00,1.81180194203835727e-62,8.81249999999999978e-01,1.00000000000000006e-01,7.50000000000000000e-01,-1.00000000000000000e+00,0.00000000000000000e+00,
1.25000000000000000e-01,0.00000000000000000e+00,0.00000000000000000e+00,7.14856308331809330e-87,8.81249999999999978e-01,1.00000000000000006e-01,7.50000000000000000e-01,-1.00000000000000000e+00,0.00000000000000000e+00,
1.25000000000000000e-01,0.00000000000000000e+00,0.00000000000000000e+00,3.94579340016609954e-109,8.81249999999999978e-01,1.00000000000000006e-01,7.50000000000000000e-01,-1.00000000000000000e+00,0.00000000000000000e+00,

