1
1
1
0
(16 0
((0,0,0) (31,7,8) (0,0,1))
((32,0,0) (63,7,8) (0,0,1))
((64,0,0) (95,7,8) (0,0,1))
((96,0,0) (127,7,8) (0,0,1))
((128,0,0) (159,7,8) (0,0,1))
((160,0,0) (191,7,8) (0,0,1))
((192,0,0) (223,7,8) (0,0,1))
((224,0,0) (255,7,8) (0,0,1))
((256,0,0) (287,7,8) (0,0,1))
((288,0,0) (319,7,8) (0,0,1))
((320,0,0) (351,7,8) (0,0,1))
((352,0,0) (383,7,8) (0,0,1))
((384,0,0) (415,7,8) (0,0,1))
((416,0,0) (447,7,8) (0,0,1))
((448,0,0) (479,7,8) (0,0,1))
((480,0,0) (511,7,8) (0,0,1))
)
16
FabOnDisk: Cell_D_00000 222260
FabOnDisk: Cell_D_00000 0
FabOnDisk: Cell_D_00000 18520
FabOnDisk: Cell_D_00000 240779
FabOnDisk: Cell_D_00000 37040
FabOnDisk: Cell_D_00000 55562
FabOnDisk: Cell_D_00000 74084
FabOnDisk: Cell_D_00000 92606
FabOnDisk: Cell_D_00000 259300
FabOnDisk: Cell_D_00000 111128
FabOnDisk: Cell_D_00000 129650
FabOnDisk: Cell_D_00000 277822
FabOnDisk: Cell_D_00000 148172
FabOnDisk: Cell_D_00000 166694
FabOnDisk: Cell_D_00000 185216
FabOnDisk: Cell_D_00000 203738

16,1
-9.85414682830260919e-147,
-9.28969380552046668e-122,
-5.47279637159117152e-98,
-8.69918820675695296e-77,
-2.50010484897603337e-56,
-3.86598070097916165e-37,
-4.21728719513473286e-18,
-6.11669988026817243e-18,
-1.35224390736125438e-17,
-2.29084260708310628e-17,
-4.03553943429681501e-18,
0.00000000000000000e+00,
0.00000000000000000e+00,
0.00000000000000000e+00,
0.00000000000000000e+00,
0.00000000000000000e+00,

16,1
3.00762023585518251e-145,
3.69236993985647823e-121,
7.52298800704358291e-99,
1.07994886434710793e-77,
9.93938522642285642e-56,
3.28973222023659679e-38,
2.65554964395036765e-18,
8.39120286554279306e-18,
8.06885656150660263e-18,
5.43233725389402609e-18,
2.78244207078011758e-19,
0.00000000000000000e+00,
0.00000000000000000e+00,
0.00000000000000000e+00,
0.00000000000000000e+00,
0.00000000000000000e+00,

