1
1
9
0
(16 0
((0,0,0) (31,7,7) (0,0,0))
((32,0,0) (63,7,7) (0,0,0))
((64,0,0) (95,7,7) (0,0,0))
((96,0,0) (127,7,7) (0,0,0))
((128,0,0) (159,7,7) (0,0,0))
((160,0,0) (191,7,7) (0,0,0))
((192,0,0) (223,7,7) (0,0,0))
((224,0,0) (255,7,7) (0,0,0))
((256,0,0) (287,7,7) (0,0,0))
((288,0,0) (319,7,7) (0,0,0))
((320,0,0) (351,7,7) (0,0,0))
((352,0,0) (383,7,7) (0,0,0))
((384,0,0) (415,7,7) (0,0,0))
((416,0,0) (447,7,7) (0,0,0))
((448,0,0) (479,7,7) (0,0,0))
((480,0,0) (511,7,7) (0,0,0))
)
16
FabOnDisk: Cell_D_00000 1770548
FabOnDisk: Cell_D_00000 0
FabOnDisk: Cell_D_00000 147544
FabOnDisk: Cell_D_00000 1918091
FabOnDisk: Cell_D_00000 295088
FabOnDisk: Cell_D_00000 442634
FabOnDisk: Cell_D_00000 590180
FabOnDisk: Cell_D_00000 737726
FabOnDisk: Cell_D_00000 2065636
FabOnDisk: Cell_D_00000 885272
FabOnDisk: Cell_D_00000 1032818
FabOnDisk: Cell_D_00000 2213182
FabOnDisk: Cell_D_00000 1180364
FabOnDisk: Cell_D_00000 1327910
FabOnDisk: Cell_D_00000 1475456
FabOnDisk: Cell_D_00000 1623002

16,9
1.00000000000000000e+00,0.00000000000000000e+00,0.00000000000000000e+00,-2.55719070065840981e-94,1.78125000000000000e+00,1.00000000000000000e+00,7.50000000000000000e-01,1.00000000000000000e+00,-4.10706561915734403e-94,
1.00000000000000000e+00,0.00000000000000000e+00,0.00000000000000000e+00,-1.56621005953237680e-76,1.78125000000000000e+00,1.00000000000000000e+00,7.50000000000000000e-01,1.00000000000000000e+00,-1.94428327744570903e-76,
1.00000000000000000e+00,0.00000000000000000e+00,0.00000000000000000e+00,-1.89579316213057797e-59,1.78125000000000000e+00,1.00000000000000000e+00,7.50000000000000000e-01,1.00000000000000000e+00,-2.87393716214418002e-59,
1.00000000000000000e+00,0.00000000000000000e+00,0.00000000000000000e+00,-2.12618923188490357e-42,1.78125000000000000e+00,1.00000000000000000e+00,7.50000000000000000e-01,1.00000000000000000e+00,-2.15051474675708013e-42,
1.00000000000000000e+00,0.00000000000000000e+00,0.00000000000000000e+00,-2.66067900051136850e-26,1.78125000000000000e+00,1.00000000000000000e+00,7.50000000000000000e-01,1.00000000000000000e+00,-3.39824933041401182e-26,
9.97993245117404726e-01,-1.56185299713390939e-07,-1.03588762737506258e-03,-1.99519587081202415e-17,1.77481982019185702e+00,9.95989742754036733e-01,7.50000000000000000e-01,9.97543616698332469e-01,-3.80437110111013218e-17,
7.11617612608904992e-01,1.18310563442912998e-02,-1.40957350839743811e-01,-6.03815662602345789e-17,1.11427969230830226e+00,5.06037360207369780e-01,7.50000000000000000e-01,6.33720072978599891e-01,-8.20830355186853542e-17,
6.75802645356993192e-01,3.76491532766914494e-01,-1.12239116002003247e+00,-3.86693047184258407e-17,1.06457345372178502e+00,4.56311113136706914e-01,7.50000000000000000e-01,-5.43666337506035324e-01,-3.56191545376218310e-17,
2.28331793887534440e-01,1.33100700250992049e-01,-1.12767164790235253e+00,-3.49736173645803530e-17,1.25731434387567464e+00,8.52209274560714325e-02,7.50000000000000000e-01,-5.45279607817943379e-01,-4.86909063532905865e-17,
1.16232631598445477e-01,-2.95355372347563642e-02,-3.76655224086912044e-01,-1.82275693542166607e-17,7.67923843713299692e-01,8.64301251086172229e-02,7.50000000000000000e-01,-9.12228269540305670e-01,-7.27177839618212630e-17,
1.16382348579431125e-01,-3.00569892133987979e-02,-2.10095534146496621e-02,-1.51057453815158929e-17,7.74221570747012477e-01,8.66690630657907940e-02,7.50000000000000000e-01,-9.09424071027875258e-01,-1.10421102158799195e-16,
1.15543638233338769e-01,-3.28311544845889744e-02,-2.30819277737120132e-02,-1.05227567967656049e-17,7.64757716969809653e-01,8.54305742987231942e-02,7.50000000000000000e-01,-9.93716735746281277e-01,-6.13020512854573804e-17,
1.24813277113125440e-01,-6.87796739167634177e-04,-4.57465121516988256e-04,-2.15427151375655788e-17,8.78717568606411037e-01,9.97014026034169637e-02,7.50000000000000000e-01,-1.01407614951506853e+00,-5.17530822779337902e-17,
1.25000000000000000e-01,-1.94973628259272721e-17,-3.90003220136304430e-17,-2.21840280396466940e-18,8.81249999999999867e-01,9.99999999999999778e-02,7.50000000000000000e-01,-1.00000000000000000e+00,-9.72568729187464222e-18,
1.25000000000000000e-01,0.00000000000000000e+00,0.00000000000000000e+00,-1.51895959379800611e-35,8.81249999999999978e-01,1.00000000000000006e-01,7.50000000000000000e-01,-1.00000000000000000e+00,0.00000000000000000e+00,
1.25000000000000000e-01,0.00000000000000000e+00,0.00000000000000000e+00,-4.91705269506085494e-59,8.81249999999999978e-01,1.00000000000000006e-01,7.50000000000000000e-01,-1.00000000000000000e+00,0.00000000000000000e+00,

16,9
1.00000000000000000e+00,0.00000000000000000e+00,0.00000000000000000e+00,2.35045811377291877e-93,1.78125000000000000e+00,1.00000000000000000e+00,7.50000000000000000e-01,1.00000000000000000e+00,2.91362678763165674e-93,
1.00000000000000000e+00,0.00000000000000000e+00,0.00000000000000000e+00,1.94353187995445993e-75,1.78125000000000000e+00,1.00000000000000000e+00,7.50000000000000000e-01,1.00000000000000000e+00,2.48289071856118736e-75,
1.00000000000000000e+00,0.00000000000000000e+00,0.00000000000000000e+00,1.62218284124094656e-58,1.78125000000000000e+00,1.00000000000000000e+00,7.50000000000000000e-01,1.00000000000000000e+00,2.02996033400732134e-58,
1.00000000000000000e+00,0.00000000000000000e+00,0.00000000000000000e+00,1.48153321626954635e-42,1.78125000000000000e+00,1.00000000000000000e+00,7.50000000000000000e-01,1.00000000000000000e+00,1.91855715762531653e-42,
1.00000000000000000e+00,0.00000000000000000e+00,0.00000000000000000e+00,6.13685419444658491e-26,1.78125000000000000e+00,1.00000000000000000e+00,7.50000000000000000e-01,1.00000000000000000e+00,6.85092603682271411e-26,
1.00000008715761468e+00,3.58438626620534396e-03,4.19727353269896640e-08,2.40083499873749767e-17,1.78125027854894058e+00,1.00000017431523736e+00,7.50000000000000000e-01,1.00000010159050601e+00,2.60433413275817978e-17,
9.93365044618654491e-01,3.99020838540160239e-01,-3.37179185280696595e-03,4.53740254213789464e-17,1.76008888700084176e+00,9.86769607600713416e-01,7.50000000000000000e-01,9.91927716994785103e-01,3.76621469703631516e-17,
8.15821625086779689e-01,4.37859898186326313e-01,-1.44794106725226523e-01,6.21379384025510819e-17,1.96831191808898676e+00,6.44321798624539976e-01,7.50000000000000000e-01,6.22743785658311011e-01,3.45452407115570253e-17,
7.09653056487390743e-01,4.27251683589763454e-01,-3.62199219058598365e-01,6.28183114009773144e-17,1.95702217867270956e+00,4.93237950547725568e-01,7.50000000000000000e-01,-5.26223560360286946e-01,7.78106101412543358e-17,
2.38590302416806260e-01,1.46804477023172925e-01,-1.77759353726060464e-02,2.04115643276775597e-17,1.29134116651371622e+00,3.70526332428652017e-01,7.50000000000000000e-01,-5.25223828153066341e-01,6.93816727281452914e-17,
1.17553563929924540e-01,-2.62036921458875145e-02,-1.81616520669592753e-02,1.86057417244325361e-17,7.87524077784247156e-01,8.84266608753578737e-02,7.50000000000000000e-01,-8.94981413987875674e-01,5.88251476610294222e-17,
1.24476164283017707e-01,-1.92382021677009246e-03,-1.27903112864983745e-03,1.95140489916784252e-17,8.74171969006877658e-01,9.91603258459071574e-02,7.50000000000000000e-01,-8.84398329595938226e-01,4.33141737025896648e-17,
1.26181203380436507e-01,4.38256036422802336e-03,2.87339935646080749e-03,1.55538812078740777e-17,8.97458680643480666e-01,1.01897303891372165e-01,7.50000000000000000e-01,-9.97747189669687895e-01,4.24566220171838229e-17,
1.25000000000000000e-01,0.00000000000000000e+00,0.00000000000000000e+00,1.61856966670445236e-18,8.81249999999999978e-01,1.00000000000000006e-01,7.50000000000000000e-01,-9.99999999999999889e-01,2.55475078380154332e-18,
1.25000000000000000e-01,0.00000000000000000e+00,0.00000000000000000e+00,1.52196091788268251e-35,8.81249999999999978e-01,1.00000000000000006e-01,7.50000000000000000e-01,-1.00000000000000000e+00,0.00000000000000000e+00,
1.25000000000000000e-01,0.00000000000000000e+00,0.00000000000000000e+00,5.20650250703244359e-60,8.81249999999999978e-01,1.00000000000000006e-01,7.50000000000000000e-01,-1.00000000000000000e+00,0.00000000000000000e+00,

