1
1
9
0
(16 0
((0,0,0) (31,7,7) (0,0,0))
((32,0,0) (63,7,7) (0,0,0))
((64,0,0) (95,7,7) (0,0,0))
((96,0,0) (127,7,7) (0,0,0))
((128,0,0) (159,7,7) (0,0,0))
((160,0,0) (191,7,7) (0,0,0))
((192,0,0) (223,7,7) (0,0,0))
((224,0,0) (255,7,7) (0,0,0))
((256,0,0) (287,7,7) (0,0,0))
((288,0,0) (319,7,7) (0,0,0))
((320,0,0) (351,7,7) (0,0,0))
((352,0,0) (383,7,7) (0,0,0))
((384,0,0) (415,7,7) (0,0,0))
((416,0,0) (447,7,7) (0,0,0))
((448,0,0) (479,7,7) (0,0,0))
((480,0,0) (511,7,7) (0,0,0))
)
16
FabOnDisk: Cell_D_00000 1770548
FabOnDisk: Cell_D_00000 0
FabOnDisk: Cell_D_00000 147544
FabOnDisk: Cell_D_00000 1918091
FabOnDisk: Cell_D_00000 295088
FabOnDisk: Cell_D_00000 442634
FabOnDisk: Cell_D_00000 590180
FabOnDisk: Cell_D_00000 737726
FabOnDisk: Cell_D_00000 2065636
FabOnDisk: Cell_D_00000 885272
FabOnDisk: Cell_D_00000 1032818
FabOnDisk: Cell_D_00000 2213182
FabOnDisk: Cell_D_00000 1180364
FabOnDisk: Cell_D_00000 1327910
FabOnDisk: Cell_D_00000 1475456
FabOnDisk: Cell_D_00000 1623002

16,9
1.00000000000000000e+00,0.00000000000000000e+00,0.00000000000000000e+00,0.00000000000000000e+00,1.78125000000000000e+00,1.00000000000000000e+00,7.50000000000000000e-01,1.00000000000000000e+00,0.00000000000000000e+00,
1.00000000000000000e+00,0.00000000000000000e+00,0.00000000000000000e+00,0.00000000000000000e+00,1.78125000000000000e+00,1.00000000000000000e+00,7.50000000000000000e-01,1.00000000000000000e+00,0.00000000000000000e+00,
1.00000000000000000e+00,0.00000000000000000e+00,0.00000000000000000e+00,0.00000000000000000e+00,1.78125000000000000e+00,1.00000000000000000e+00,7.50000000000000000e-01,1.00000000000000000e+00,0.00000000000000000e+00,
1.00000000000000000e+00,0.00000000000000000e+00,0.00000000000000000e+00,0.00000000000000000e+00,1.78125000000000000e+00,1.00000000000000000e+00,7.50000000000000000e-01,1.00000000000000000e+00,0.00000000000000000e+00,
9.99958088319542138e-01,-3.07186752972167914e-08,-2.12614682297528678e-05,0.00000000000000000e+00,1.78111537380795149e+00,9.99916178303274172e-01,7.50000000000000000e-01,9.99949190922087783e-01,0.00000000000000000e+00,
8.12745391157327468e-01,7.51924365123094200e-05,-9.25442438151935221e-02,0.00000000000000000e+00,1.29195932774311095e+00,6.60379443654152132e-01,7.50000000000000000e-01,7.67122761119968688e-01,0.00000000000000000e+00,
6.74853784891288888e-01,2.94826676795055920e-01,-1.58537965414834447e-01,0.00000000000000000e+00,1.06335408192424663e+00,4.55148600510000834e-01,7.50000000000000000e-01,5.82930891680550567e-01,0.00000000000000000e+00,
6.76529275439064270e-01,3.73912224717874775e-01,-1.11685362056331838e+00,0.00000000000000000e+00,1.06558890042415411e+00,4.57312046543780382e-01,7.50000000000000000e-01,-5.40701358957878853e-01,0.00000000000000000e+00,
2.89725226852259043e-01,1.75551489109532721e-01,-1.11645568051365474e+00,0.00000000000000000e+00,1.36044786132783724e+00,1.27505559948163011e-01,7.50000000000000000e-01,-5.38826331275398251e-01,0.00000000000000000e+00,
2.29632039782138642e-01,1.36334301685262727e-01,-3.82370089272606239e-01,0.00000000000000000e+00,1.26570659411737751e+00,3.52047852368468084e-01,7.50000000000000000e-01,-5.37316149047542213e-01,0.00000000000000000e+00,
1.16607493198892395e-01,-2.93390978515635018e-02,-3.75455104539178963e-01,0.00000000000000000e+00,7.76685312339553069e-01,8.70095387174107254e-02,7.50000000000000000e-01,-9.05288763982854516e-01,0.00000000000000000e+00,
1.16575412176203319e-01,-2.94465890509946482e-02,-2.05553705814200544e-02,0.00000000000000000e+00,7.76316797566423911e-01,8.69652909535153090e-02,7.50000000000000000e-01,-9.05795592038004749e-01,0.00000000000000000e+00,
1.16029044216621691e-01,-3.12453261075494627e-02,-2.18923177583521950e-02,0.00000000000000000e+00,7.70160253918313886e-01,8.61544933490607096e-02,7.50000000000000000e-01,-9.10820034921219879e-01,0.00000000000000000e+00,
1.15874325566561867e-01,-3.17523103950214519e-02,-2.22710047058200314e-02,0.00000000000000000e+00,7.68430797115467024e-01,8.59248698635634856e-02,7.50000000000000000e-01,-1.00726094765962992e+00,0.00000000000000000e+00,
1.24847971937098415e-01,-5.59504387514334371e-04,-3.70531753824123627e-04,0.00000000000000000e+00,8.79190112239285892e-01,9.97568753479546322e-02,7.50000000000000000e-01,-1.00730692183771531e+00,0.00000000000000000e+00,
1.24999999999999958e-01,-1.50451465571757723e-18,0.00000000000000000e+00,0.00000000000000000e+00,8.81250000000000089e-01,9.99999999999999084e-02,7.50000000000000000e-01,-1.00000000000000000e+00,0.00000000000000000e+00,

16,9
1.00000000000000000e+00,0.00000000000000000e+00,0.00000000000000000e+00,0.00000000000000000e+00,1.78125000000000000e+00,1.00000000000000000e+00,7.50000000000000000e-01,1.00000000000000000e+00,0.00000000000000000e+00,
1.00000000000000000e+00,0.00000000000000000e+00,0.00000000000000000e+00,0.00000000000000000e+00,1.78125000000000000e+00,1.00000000000000000e+00,7.50000000000000000e-01,1.00000000000000000e+00,0.00000000000000000e+00,
1.00000000000000000e+00,0.00000000000000000e+00,0.00000000000000000e+00,0.00000000000000000e+00,1.78125000000000000e+00,1.00000000000000000e+00,7.50000000000000000e-01,1.00000000000000000e+00,0.00000000000000000e+00,
1.00000000000000000e+00,0.00000000000000000e+00,0.00000000000000000e+00,0.00000000000000000e+00,1.78125000000000000e+00,1.00000000000000000e+00,7.50000000000000000e-01,1.00000000000000000e+00,0.00000000000000000e+00,
1.00000001713940256e+00,7.51154389366588042e-05,8.69470247390712581e-09,0.00000000000000000e+00,1.78125005505659262e+00,1.00000003427880402e+00,7.50000000000000000e-01,1.00000002077779238e+00,0.00000000000000000e+00,
9.99958045053300437e-01,2.86893826231183036e-01,-2.12829219843721804e-05,0.00000000000000000e+00,1.78111523551753037e+00,9.99916091768279447e-01,7.50000000000000000e-01,9.99949138954746131e-01,0.00000000000000000e+00,
8.06416203880274685e-01,4.31820279393848316e-01,-9.55950578479458773e-02,0.00000000000000000e+00,1.27915506707638915e+00,6.50126196282831748e-01,7.50000000000000000e-01,7.58981971755522844e-01,0.00000000000000000e+00,
8.24197761164640386e-01,4.34725471762903437e-01,-1.56709060951550738e-01,0.00000000000000000e+00,1.95357742496106490e+00,6.69641211908039935e-01,7.50000000000000000e-01,5.88282001451688519e-01,0.00000000000000000e+00,
7.04422458056291334e-01,4.25958329144201342e-01,-4.58214312833369386e-01,0.00000000000000000e+00,1.95690481711808384e+00,4.91168026992580997e-01,7.50000000000000000e-01,-5.30801638589259661e-01,0.00000000000000000e+00,
2.42087697808911373e-01,1.45796495065049769e-01,-3.62941604112328564e-01,0.00000000000000000e+00,1.28716520906697518e+00,4.13796451028763779e-01,7.50000000000000000e-01,-5.30526216373437220e-01,0.00000000000000000e+00,
2.36304408976990066e-01,1.43379566032577871e-01,-1.89793081106027564e-02,0.00000000000000000e+00,1.28324316390118720e+00,4.11792568932674019e-01,7.50000000000000000e-01,-5.28884176036270248e-01,0.00000000000000000e+00,
1.17260890456793054e-01,-2.71706586671102840e-02,-1.88792830498101076e-02,0.00000000000000000e+00,7.84152551304112877e-01,8.79895318414612160e-02,7.50000000000000000e-01,-8.97284329256706203e-01,0.00000000000000000e+00,
1.17666504273643543e-01,-2.58135679604815892e-02,-1.78873091499610962e-02,0.00000000000000000e+00,7.88849016239320244e-01,8.86022590319774789e-02,7.50000000000000000e-01,-8.90477655622022635e-01,0.00000000000000000e+00,
1.25607361849272625e-01,2.24554446479766990e-03,1.48013574017063013e-03,0.00000000000000000e+00,8.89540675266526026e-01,1.00973758121249035e-01,7.50000000000000000e-01,-8.88546764233765773e-01,0.00000000000000000e+00,
1.25611237394516961e-01,2.25988186383298565e-03,1.48948201780371172e-03,0.00000000000000000e+00,8.89593712228016531e-01,1.00980002398047192e-01,7.50000000000000000e-01,-9.98179603122031578e-01,0.00000000000000000e+00,
1.25000000000000000e-01,8.13514513686708635e-17,0.00000000000000000e+00,0.00000000000000000e+00,8.81250000000000089e-01,1.00000000000000727e-01,7.50000000000000000e-01,-1.00000000000000000e+00,0.00000000000000000e+00,

