1
1
1
0
(16 0
((0,0,0) (31,7,8) (0,0,1))
((32,0,0) (63,7,8) (0,0,1))
((64,0,0) (95,7,8) (0,0,1))
((96,0,0) (127,7,8) (0,0,1))
((128,0,0) (159,7,8) (0,0,1))
((160,0,0) (191,7,8) (0,0,1))
((192,0,0) (223,7,8) (0,0,1))
((224,0,0) (255,7,8) (0,0,1))
((256,0,0) (287,7,8) (0,0,1))
((288,0,0) (319,7,8) (0,0,1))
((320,0,0) (351,7,8) (0,0,1))
((352,0,0) (383,7,8) (0,0,1))
((384,0,0) (415,7,8) (0,0,1))
((416,0,0) (447,7,8) (0,0,1))
((448,0,0) (479,7,8) (0,0,1))
((480,0,0) (511,7,8) (0,0,1))
)
16
FabOnDisk: Cell_D_00000 222260
FabOnDisk: Cell_D_00000 0
FabOnDisk: Cell_D_00000 18520
FabOnDisk: Cell_D_00000 240779
FabOnDisk: Cell_D_00000 37040
FabOnDisk: Cell_D_00000 55562
FabOnDisk: Cell_D_00000 74084
FabOnDisk: Cell_D_00000 92606
FabOnDisk: Cell_D_00000 259300
FabOnDisk: Cell_D_00000 111128
FabOnDisk: Cell_D_00000 129650
FabOnDisk: Cell_D_00000 277822
FabOnDisk: Cell_D_00000 148172
FabOnDisk: Cell_D_00000 166694
FabOnDisk: Cell_D_00000 185216
FabOnDisk: Cell_D_00000 203738

16,1
-3.64841653113629533e-95,
-1.37557648259479483e-77,
-6.54641322644614901e-61,
-9.01742774565453521e-44,
-2.67096646992106938e-27,
-4.98490506091438793e-18,
-7.79529231670783302e-18,
-1.03892148397119818e-17,
-1.17850462647167451e-17,
-7.48962398661925469e-18,
-1.02820917817817783e-17,
-8.32198751006102262e-18,
-7.56325148307832829e-18,
-7.57746140086933302e-18,
-7.57801304879234801e-18,
-3.12261789919699635e-17,

16,1
2.98244553261346596e-94,
2.07422849966006552e-77,
9.25953103143036416e-62,
1.15601573645261134e-44,
4.96121169933861841e-27,
8.18297441073506803e-18,
5.00935706292609309e-18,
1.19778651073575722e-17,
9.09333274116591783e-18,
1.85548184912904366e-17,
1.35450926448656696e-17,
2.09240732720005963e-17,
2.28957024235567068e-17,
-7.56510369669734117e-18,
-7.56759797970779265e-18,
-7.56618451881287475e-18,

