1
1
9
0
(16 0
((0,0,0) (31,7,7) (0,0,0))
((32,0,0) (63,7,7) (0,0,0))
((64,0,0) (95,7,7) (0,0,0))
((96,0,0) (127,7,7) (0,0,0))
((128,0,0) (159,7,7) (0,0,0))
((160,0,0) (191,7,7) (0,0,0))
((192,0,0) (223,7,7) (0,0,0))
((224,0,0) (255,7,7) (0,0,0))
((256,0,0) (287,7,7) (0,0,0))
((288,0,0) (319,7,7) (0,0,0))
((320,0,0) (351,7,7) (0,0,0))
((352,0,0) (383,7,7) (0,0,0))
((384,0,0) (415,7,7) (0,0,0))
((416,0,0) (447,7,7) (0,0,0))
((448,0,0) (479,7,7) (0,0,0))
((480,0,0) (511,7,7) (0,0,0))
)
16
FabOnDisk: Cell_D_00000 1770548
FabOnDisk: Cell_D_00000 0
FabOnDisk: Cell_D_00000 147544
FabOnDisk: Cell_D_00000 1918091
FabOnDisk: Cell_D_00000 295088
FabOnDisk: Cell_D_00000 442634
FabOnDisk: Cell_D_00000 590180
FabOnDisk: Cell_D_00000 737726
FabOnDisk: Cell_D_00000 2065636
FabOnDisk: Cell_D_00000 885272
FabOnDisk: Cell_D_00000 1032818
FabOnDisk: Cell_D_00000 2213182
FabOnDisk: Cell_D_00000 1180364
FabOnDisk: Cell_D_00000 1327910
FabOnDisk: Cell_D_00000 1475456
FabOnDisk: Cell_D_00000 1623002

16,9
1.00000000000000000e+00,0.00000000000000000e+00,0.00000000000000000e+00,-3.41698436006020278e-105,1.78125000000000000e+00,1.00000000000000000e+00,7.50000000000000000e-01,1.00000000000000000e+00,-5.49077880456775847e-105,
1.00000000000000000e+00,0.00000000000000000e+00,0.00000000000000000e+00,-2.07244111463681840e-87,1.78125000000000000e+00,1.00000000000000000e+00,7.50000000000000000e-01,1.00000000000000000e+00,-2.82763991036466722e-87,
1.00000000000000000e+00,0.00000000000000000e+00,0.00000000000000000e+00,-3.66934660744432500e-69,1.78125000000000000e+00,1.00000000000000000e+00,7.50000000000000000e-01,1.00000000000000000e+00,-5.83690565345730399e-69,
1.00000000000000000e+00,0.00000000000000000e+00,0.00000000000000000e+00,-2.85733575770291399e-51,1.78125000000000000e+00,1.00000000000000000e+00,7.50000000000000000e-01,1.00000000000000000e+00,-3.59817829660908339e-51,
1.00000000000000000e+00,0.00000000000000000e+00,0.00000000000000000e+00,-3.03496557694835163e-36,1.78125000000000000e+00,1.00000000000000000e+00,7.50000000000000000e-01,1.00000000000000000e+00,-3.93344851141327467e-36,
9.99999999999958034e-01,0.00000000000000000e+00,-2.16140607143009248e-14,-1.00488591669910185e-18,1.78124999999986455e+00,9.99999999999915845e-01,7.50000000000000000e-01,9.99999999999948819e-01,-3.06970499265039152e-18,
8.04574682486166481e-01,-2.98647230107506852e-07,-9.65046481033861453e-02,-5.65438943590320357e-18,1.27547747691540425e+00,6.46996167927458954e-01,7.50000000000000000e-01,7.56575133779008535e-01,-8.95066869682314591e-18,
6.73194506029556994e-01,3.11564286876238439e-01,-1.12077741261106922e+00,-7.02813211334622978e-18,1.06120428731819438e+00,4.52672234381455152e-01,7.50000000000000000e-01,-5.43328810442774035e-01,-7.93535166569840886e-18,
2.29877188156741991e-01,1.36725449385250802e-01,-1.12225577989774372e+00,-9.62544744340238737e-18,1.26771083223002035e+00,7.29493569273117204e-02,7.50000000000000000e-01,-5.38999715246142208e-01,-1.60439617488052487e-17,
1.16610585201275485e-01,-2.93234021328064066e-02,-3.72042246517085007e-01,-4.49483164688312739e-18,7.76718344538781413e-01,8.70114527115924408e-02,7.50000000000000000e-01,-9.06748350958966221e-01,-1.43524876473146530e-17,
1.15562718393412339e-01,-3.27700313250864905e-02,-2.30345856917366365e-02,-2.41987956853333588e-18,7.64967859632125102e-01,8.54591774159715878e-02,7.50000000000000000e-01,-9.86308303201356651e-01,-1.96880088522555928e-17,
1.24382611642770480e-01,-2.26531287978904566e-03,-1.50535733320303583e-03,-1.24329891442512673e-18,8.72925202592052307e-01,9.90135088143735964e-02,7.50000000000000000e-01,-1.00537792613617571e+00,-2.70060691839328560e-17,
1.24999999999999986e-01,-9.75265105447640274e-18,0.00000000000000000e+00,-5.95604733957346622e-22,8.81249999999999867e-01,9.99999999999999917e-02,7.50000000000000000e-01,-1.00000000000000000e+00,-1.12877218193989910e-21,
1.24999999999999986e-01,-9.76274314534122179e-18,0.00000000000000000e+00,-5.41910265834592511e-22,8.81249999999999867e-01,9.99999999999999917e-02,7.50000000000000000e-01,-1.00000000000000000e+00,-1.37463800019667756e-21,
1.24999999999999986e-01,-9.75068688146650633e-18,0.00000000000000000e+00,-2.96295152578995849e-22,8.81249999999999867e-01,9.99999999999999917e-02,7.50000000000000000e-01,-1.00000000000000000e+00,-2.09243384071077698e-21,
1.24999999999999986e-01,-6.82169628763252264e-17,0.00000000000000000e+00,-1.08435216899398002e-18,8.81249999999999867e-01,9.99999999999999639e-02,7.50000000000000000e-01,-1.00000000000000000e+00,-1.31816606072594653e-18,

16,9
1.00000000000000000e+00,0.00000000000000000e+00,0.00000000000000000e+00,4.78865687496353309e-106,1.78125000000000000e+00,1.00000000000000000e+00,7.50000000000000000e-01,1.00000000000000000e+00,6.89498651090443442e-106,
1.00000000000000000e+00,0.00000000000000000e+00,0.00000000000000000e+00,2.56794620920219790e-86,1.78125000000000000e+00,1.00000000000000000e+00,7.50000000000000000e-01,1.00000000000000000e+00,3.66815160014645990e-86,
1.00000000000000000e+00,0.00000000000000000e+00,0.00000000000000000e+00,3.49140655523255274e-68,1.78125000000000000e+00,1.00000000000000000e+00,7.50000000000000000e-01,1.00000000000000000e+00,4.36848726057039669e-68,
1.00000000000000000e+00,0.00000000000000000e+00,0.00000000000000000e+00,2.87191398332605668e-52,1.78125000000000000e+00,1.00000000000000000e+00,7.50000000000000000e-01,1.00000000000000000e+00,3.58084393306000609e-52,
1.00000000000000000e+00,0.00000000000000000e+00,0.00000000000000000e+00,1.38380881459230248e-35,1.78125000000000000e+00,1.00000000000000000e+00,7.50000000000000000e-01,1.00000000000000000e+00,1.75803068265782710e-35,
1.00000000000000000e+00,7.59318028957150954e-14,0.00000000000000000e+00,2.81290679690652536e-18,1.78125000000000000e+00,1.00000000000000000e+00,7.50000000000000000e-01,1.00000000000000000e+00,5.30975841322480073e-18,
1.00000016662931812e+00,2.97111013172522476e-01,8.45305998342732749e-08,5.28418030659648666e-18,1.78125053526075994e+00,1.00000033325866089e+00,7.50000000000000000e-01,1.00000020200286999e+00,5.51687033275755539e-18,
8.25738408542492031e-01,4.33210774600988557e-01,-1.02200697617260333e-01,3.15785787469176678e-18,1.95179727253429980e+00,6.72820817986783282e-01,7.50000000000000000e-01,7.41267116442070995e-01,7.52049133104990459e-18,
7.08546609884499912e-01,4.28816785350559670e-01,-3.64460416211536908e-01,8.75455618790680428e-18,1.96348014301126428e+00,4.86375908891009345e-01,7.50000000000000000e-01,-5.27282997883355198e-01,4.49358535422458359e-18,
2.35356037879261654e-01,1.41359546863997876e-01,-1.86920462895679707e-02,7.59304258640216889e-18,1.27799611636169907e+00,4.08622569953809855e-01,7.50000000000000000e-01,-5.32679970172280637e-01,5.79853474668747597e-18,
1.23859022674169192e-01,-4.17362848871283883e-03,-2.78130528726782235e-03,5.01484845563345725e-18,8.65942417418924304e-01,9.81810705510182957e-02,7.50000000000000000e-01,-8.84651521881947178e-01,9.16005207644591708e-18,
1.25449737721230942e-01,1.66118793658810910e-03,1.09592376341977721e-03,7.88525073456434452e-18,8.87379545497290478e-01,1.00720683528767341e-01,7.50000000000000000e-01,-9.92597543594772591e-01,6.35402057316545368e-19,
1.24999999999999986e-01,-9.72917763281007979e-18,0.00000000000000000e+00,4.80881832854622481e-22,8.81249999999999867e-01,9.99999999999999917e-02,7.50000000000000000e-01,-1.00000000000000000e+00,1.65710232974889652e-21,
1.24999999999999986e-01,-9.74826101558758154e-18,0.00000000000000000e+00,1.31861869661636937e-22,8.81249999999999867e-01,9.99999999999999917e-02,7.50000000000000000e-01,-1.00000000000000000e+00,1.61667286364240776e-21,
1.24999999999999986e-01,-9.73933100079042682e-18,0.00000000000000000e+00,4.41046068681573841e-22,8.81249999999999867e-01,9.99999999999999917e-02,7.50000000000000000e-01,-1.00000000000000000e+00,6.64952777164672292e-22,
1.25000000000000000e-01,-9.73904372149295212e-18,0.00000000000000000e+00,3.28810436092601698e-19,8.81249999999999978e-01,1.00000000000000006e-01,7.50000000000000000e-01,-1.00000000000000000e+00,7.17643168506671043e-19,

