1
1
9
0
(16 0
((0,0,0) (31,7,7) (0,0,0))
((32,0,0) (63,7,7) (0,0,0))
((64,0,0) (95,7,7) (0,0,0))
((96,0,0) (127,7,7) (0,0,0))
((128,0,0) (159,7,7) (0,0,0))
((160,0,0) (191,7,7) (0,0,0))
((192,0,0) (223,7,7) (0,0,0))
((224,0,0) (255,7,7) (0,0,0))
((256,0,0) (287,7,7) (0,0,0))
((288,0,0) (319,7,7) (0,0,0))
((320,0,0) (351,7,7) (0,0,0))
((352,0,0) (383,7,7) (0,0,0))
((384,0,0) (415,7,7) (0,0,0))
((416,0,0) (447,7,7) (0,0,0))
((448,0,0) (479,7,7) (0,0,0))
((480,0,0) (511,7,7) (0,0,0))
)
16
FabOnDisk: Cell_D_00000 1770548
FabOnDisk: Cell_D_00000 0
FabOnDisk: Cell_D_00000 147544
FabOnDisk: Cell_D_00000 1918091
FabOnDisk: Cell_D_00000 295088
FabOnDisk: Cell_D_00000 442634
FabOnDisk: Cell_D_00000 590180
FabOnDisk: Cell_D_00000 737726
FabOnDisk: Cell_D_00000 2065636
FabOnDisk: Cell_D_00000 885272
FabOnDisk: Cell_D_00000 1032818
FabOnDisk: Cell_D_00000 2213182
FabOnDisk: Cell_D_00000 1180364
FabOnDisk: Cell_D_00000 1327910
FabOnDisk: Cell_D_00000 1475456
FabOnDisk: Cell_D_00000 1623002

16,9
1.00000000000000000e+00,0.00000000000000000e+00,0.00000000000000000e+00,-1.17687181164988442e-84,1.78125000000000000e+00,1.00000000000000000e+00,7.50000000000000000e-01,1.00000000000000000e+00,-1.66843420568277298e-84,
1.00000000000000000e+00,0.00000000000000000e+00,0.00000000000000000e+00,-3.94798229666414035e-67,1.78125000000000000e+00,1.00000000000000000e+00,7.50000000000000000e-01,1.00000000000000000e+00,-4.78661106493131945e-67,
1.00000000000000000e+00,0.00000000000000000e+00,0.00000000000000000e+00,-1.25321603954393905e-51,1.78125000000000000e+00,1.00000000000000000e+00,7.50000000000000000e-01,1.00000000000000000e+00,-1.92200685093203390e-51,
1.00000000000000000e+00,0.00000000000000000e+00,0.00000000000000000e+00,-2.73007042126858167e-34,1.78125000000000000e+00,1.00000000000000000e+00,7.50000000000000000e-01,1.00000000000000000e+00,-3.46112119279595863e-34,
9.99999999999625411e-01,-2.76862093212228076e-11,-1.85327001563395984e-13,-2.36671899482800806e-17,1.78124999999880074e+00,9.99999999999250599e-01,7.50000000000000000e-01,9.99999999999568900e-01,-8.21762382190993359e-18,
8.82741083075027633e-01,-7.18917772811969038e-08,-5.85008418250018217e-02,-3.11081803300360354e-17,1.44934098620824181e+00,7.79100757383974774e-01,7.50000000000000000e-01,8.55779620670851893e-01,-3.52130905962620387e-17,
6.76090250660940861e-01,2.02508023458175923e-01,-1.57936619012154666e-01,-3.66365175202816330e-17,1.06494727587262994e+00,4.56776444861093256e-01,7.50000000000000000e-01,5.84674044941811299e-01,-5.80800960130869698e-17,
6.76557338447893786e-01,3.73380942759332757e-01,-1.12228347386825211e+00,-2.50059250434363998e-17,1.06535222403110663e+00,4.57917962674945445e-01,7.50000000000000000e-01,-5.47828740580699414e-01,-5.06075103236871842e-17,
2.28701268660056273e-01,1.36172551264172381e-01,-1.12287755236459375e+00,-4.46961621939830855e-17,1.26344390987730115e+00,9.98614600860168455e-02,7.50000000000000000e-01,-5.40400508893910669e-01,-6.00904925441439451e-17,
1.73167738904705826e-01,2.04254110950473876e-02,-3.77684727150941535e-01,-2.18924971895662302e-17,8.82634871812163158e-01,1.94426704776233139e-01,7.50000000000000000e-01,-7.63567333100787393e-01,-5.50713620811231379e-17,
1.15570429190966648e-01,-3.11831663804330028e-02,-4.42563608581001966e-02,-2.35749517025221073e-17,7.59984408197018624e-01,8.56177183623715726e-02,7.50000000000000000e-01,-9.07825118705496314e-01,-6.82887375669314970e-17,
1.16381443469114942e-01,-3.00671021962533661e-02,-2.10137661605252560e-02,-1.95645209964593195e-17,7.74185705920676703e-01,8.66705894132291793e-02,7.50000000000000000e-01,-9.09227664765026700e-01,-7.35688083699191470e-17,
1.15518203758299784e-01,-3.29106664277096297e-02,-2.31418120765576121e-02,-1.90918505780804690e-17,7.64487635517776654e-01,8.53944679982340110e-02,7.50000000000000000e-01,-9.93009723288852952e-01,-5.93593461196475630e-17,
1.24788562178418855e-01,-7.76854304550566189e-04,-5.16991996109750955e-04,-1.82575740073395228e-17,8.78385871788584960e-01,9.96619032277020062e-02,7.50000000000000000e-01,-1.01346524401339599e+00,-6.08021054258091085e-17,
1.24999999999999847e-01,-8.28000173491517805e-17,-6.82068983420476769e-17,-5.93103002411462070e-18,8.81249999999999645e-01,9.99999999999997696e-02,7.50000000000000000e-01,-1.00000000000000999e+00,-3.17316354088589541e-17,
1.25000000000000000e-01,0.00000000000000000e+00,0.00000000000000000e+00,-4.77209152813271559e-32,8.81249999999999978e-01,1.00000000000000006e-01,7.50000000000000000e-01,-1.00000000000000000e+00,-1.69633874001506384e-30,

16,9
1.00000000000000000e+00,0.00000000000000000e+00,0.00000000000000000e+00,6.34182520059141388e-84,1.78125000000000000e+00,1.00000000000000000e+00,7.50000000000000000e-01,1.00000000000000000e+00,1.03571495736627094e-83,
1.00000000000000000e+00,0.00000000000000000e+00,0.00000000000000000e+00,3.50202549273600076e-68,1.78125000000000000e+00,1.00000000000000000e+00,7.50000000000000000e-01,1.00000000000000000e+00,4.17872273288115883e-68,
1.00000000000000000e+00,0.00000000000000000e+00,0.00000000000000000e+00,1.34353069275170716e-50,1.78125000000000000e+00,1.00000000000000000e+00,7.50000000000000000e-01,1.00000000000000000e+00,1.61662598867671155e-50,
1.00000000000000000e+00,0.00000000000000000e+00,0.00000000000000000e+00,5.85854475097300418e-35,1.78125000000000000e+00,1.00000000000000000e+00,7.50000000000000000e-01,1.00000000000000000e+00,7.87028725500186883e-35,
1.00000000001538725e+00,6.68380576136211588e-13,8.79253601190463931e-12,1.10279341128770053e-17,1.78125000004969403e+00,1.00000000003077405e+00,7.50000000000000000e-01,1.00000000002299050e+00,7.31189782333956127e-18,
1.00000004023987499e+00,1.91297034662920945e-01,1.94558344006596492e-08,4.21332666350260509e-17,1.78125012844365505e+00,1.00000008047975331e+00,7.50000000000000000e-01,1.00000004650974339e+00,5.93516827940233598e-17,
8.75041623097301269e-01,4.30788181565809392e-01,-6.22745863375601325e-02,4.52193100583598611e-17,1.43058541700015684e+00,7.65558434053842496e-01,7.50000000000000000e-01,8.46139200914446166e-01,5.31824596329261433e-17,
8.20225385844958077e-01,4.35482368707596101e-01,-1.55807384667697058e-01,3.91585359538065096e-17,1.97100221957210775e+00,6.65795261839953745e-01,7.50000000000000000e-01,5.90925995463567721e-01,7.14621442578104749e-17,
7.11740374440433143e-01,4.32426823723522702e-01,-3.61164312085963057e-01,3.38055459895608835e-17,1.96455827805334593e+00,4.98231356949416726e-01,7.50000000000000000e-01,-5.26370893350222913e-01,5.35392574891014750e-17,
2.39070777658855455e-01,1.46463994213701931e-01,-1.70362692775575447e-01,3.16095206031034682e-17,1.29344041951456101e+00,3.73883357849137732e-01,7.50000000000000000e-01,-5.25364480178298621e-01,1.00652945235243283e-16,
1.25536158746271942e-01,-1.83677351556174005e-02,-1.84750779624716088e-02,2.48130645201364408e-17,7.86041284542218111e-01,9.98310482523000337e-02,7.50000000000000000e-01,-8.86664792147192293e-01,6.49089883637232638e-17,
1.17538508696264518e-01,-2.62472487875396038e-02,-1.82010756333080871e-02,2.86816799852068899e-17,7.87357628043911739e-01,8.84052608156069425e-02,7.50000000000000000e-01,-8.94944913016707755e-01,8.07442022112157613e-17,
1.24417251823035813e-01,-2.14002780672075321e-03,-1.42268828692959474e-03,4.08074339305646197e-17,8.73382598560146550e-01,9.90668894216035212e-02,7.50000000000000000e-01,-8.84090673021432738e-01,4.50055824829325048e-17,
1.26128710735674332e-01,4.18716540063307410e-03,2.74822106883832037e-03,3.36785643338956929e-17,8.96737302834783701e-01,1.01812643611990952e-01,7.50000000000000000e-01,-9.97453596290581612e-01,7.04114494265829536e-17,
1.25000000000000694e-01,2.55909110190901236e-15,1.85861638361052256e-15,9.84305299445401612e-18,8.81250000000009859e-01,1.00000000000001144e-01,7.50000000000000000e-01,-9.99999999999999556e-01,1.08768092267211256e-17,
1.25000000000000000e-01,0.00000000000000000e+00,0.00000000000000000e+00,5.04955410042647306e-31,8.81249999999999978e-01,1.00000000000000006e-01,7.50000000000000000e-01,-1.00000000000000000e+00,1.57066070381566191e-31,

