1
1
9
0
(16 0
((0,0,0) (31,7,7) (0,0,0))
((32,0,0) (63,7,7) (0,0,0))
((64,0,0) (95,7,7) (0,0,0))
((96,0,0) (127,7,7) (0,0,0))
((128,0,0) (159,7,7) (0,0,0))
((160,0,0) (191,7,7) (0,0,0))
((192,0,0) (223,7,7) (0,0,0))
((224,0,0) (255,7,7) (0,0,0))
((256,0,0) (287,7,7) (0,0,0))
((288,0,0) (319,7,7) (0,0,0))
((320,0,0) (351,7,7) (0,0,0))
((352,0,0) (383,7,7) (0,0,0))
((384,0,0) (415,7,7) (0,0,0))
((416,0,0) (447,7,7) (0,0,0))
((448,0,0) (479,7,7) (0,0,0))
((480,0,0) (511,7,7) (0,0,0))
)
16
FabOnDisk: Cell_D_00000 1770548
FabOnDisk: Cell_D_00000 0
FabOnDisk: Cell_D_00000 147544
FabOnDisk: Cell_D_00000 1918091
FabOnDisk: Cell_D_00000 295088
FabOnDisk: Cell_D_00000 442634
FabOnDisk: Cell_D_00000 590180
FabOnDisk: Cell_D_00000 737726
FabOnDisk: Cell_D_00000 2065636
FabOnDisk: Cell_D_00000 885272
FabOnDisk: Cell_D_00000 1032818
FabOnDisk: Cell_D_00000 2213182
FabOnDisk: Cell_D_00000 1180364
FabOnDisk: Cell_D_00000 1327910
FabOnDisk: Cell_D_00000 1475456
FabOnDisk: Cell_D_00000 1623002

16,9
1.00000000000000000e+00,0.00000000000000000e+00,0.00000000000000000e+00,0.00000000000000000e+00,1.78125000000000000e+00,1.00000000000000000e+00,7.50000000000000000e-01,1.00000000000000000e+00,0.00000000000000000e+00,
1.00000000000000000e+00,0.00000000000000000e+00,0.00000000000000000e+00,0.00000000000000000e+00,1.78125000000000000e+00,1.00000000000000000e+00,7.50000000000000000e-01,1.00000000000000000e+00,0.00000000000000000e+00,
1.00000000000000000e+00,0.00000000000000000e+00,0.00000000000000000e+00,0.00000000000000000e+00,1.78125000000000000e+00,1.00000000000000000e+00,7.50000000000000000e-01,1.00000000000000000e+00,0.00000000000000000e+00,
1.00000000000000000e+00,0.00000000000000000e+00,0.00000000000000000e+00,0.00000000000000000e+00,1.78125000000000000e+00,1.00000000000000000e+00,7.50000000000000000e-01,1.00000000000000000e+00,0.00000000000000000e+00,
9.99999999999761080e-01,-1.93335817427158385e-11,-1.21611436692320252e-13,0.00000000000000000e+00,1.78124999999923284e+00,9.99999999999522271e-01,7.50000000000000000e-01,9.99999999999710343e-01,0.00000000000000000e+00,
8.81427551455175373e-01,-2.69976681557402568e-08,-5.91433122201084627e-02,0.00000000000000000e+00,1.44611604737016886e+00,7.76782565844879258e-01,7.50000000000000000e-01,8.54139055625508847e-01,0.00000000000000000e+00,
6.74238840078874357e-01,2.04346391993564275e-01,-1.58820419429701182e-01,0.00000000000000000e+00,1.06256145004779046e+00,4.54273848884313658e-01,7.50000000000000000e-01,5.82085298172238197e-01,0.00000000000000000e+00,
6.76263675849295698e-01,3.69058590960096411e-01,-1.11045429202392976e+00,0.00000000000000000e+00,1.06487780566916812e+00,4.56959080512108096e-01,7.50000000000000000e-01,-5.39658303499565450e-01,0.00000000000000000e+00,
2.28465224328402994e-01,1.34763898014552269e-01,-1.11354348164037398e+00,0.00000000000000000e+00,1.26294398428451893e+00,1.25265902964567216e-01,7.50000000000000000e-01,-5.40242713778424255e-01,0.00000000000000000e+00,
1.86026547455155927e-01,5.38660560464783097e-02,-3.76927127675073359e-01,0.00000000000000000e+00,9.69022801901513797e-01,2.49376430901635304e-01,7.50000000000000000e-01,-7.04195108009084803e-01,0.00000000000000000e+00,
1.16578012956278329e-01,-2.94346915097395620e-02,-6.75793405989253693e-02,0.00000000000000000e+00,7.76350217473400050e-01,8.69654301063992885e-02,7.50000000000000000e-01,-9.07665193125682834e-01,0.00000000000000000e+00,
1.16491417360824398e-01,-2.97240678266719807e-02,-2.07606270514859997e-02,0.00000000000000000e+00,7.75365142783822958e-01,8.68391225498119645e-02,7.50000000000000000e-01,-9.10796553774131268e-01,0.00000000000000000e+00,
1.15904565698576198e-01,-3.16533348189811381e-02,-2.21968253528702746e-02,0.00000000000000000e+00,7.68768250091069860e-01,8.59694113173622709e-02,7.50000000000000000e-01,-9.86492765670310412e-01,0.00000000000000000e+00,
1.24257912828954015e-01,-2.72105819134297721e-03,-1.80857889511869610e-03,0.00000000000000000e+00,8.71254999804387031e-01,9.88150364599184733e-02,7.50000000000000000e-01,-1.00640990008614972e+00,0.00000000000000000e+00,
1.24999999999999986e-01,-2.43483377997283306e-17,0.00000000000000000e+00,0.00000000000000000e+00,8.81249999999999978e-01,9.99999999999999500e-02,7.50000000000000000e-01,-1.00000000000000000e+00,0.00000000000000000e+00,
1.25000000000000000e-01,-4.87178585914515489e-18,0.00000000000000000e+00,0.00000000000000000e+00,8.81249999999999978e-01,9.99999999999999917e-02,7.50000000000000000e-01,-1.00000000000000000e+00,0.00000000000000000e+00,

16,9
1.00000000000000000e+00,0.00000000000000000e+00,0.00000000000000000e+00,0.00000000000000000e+00,1.78125000000000000e+00,1.00000000000000000e+00,7.50000000000000000e-01,1.00000000000000000e+00,0.00000000000000000e+00,
1.00000000000000000e+00,0.00000000000000000e+00,0.00000000000000000e+00,0.00000000000000000e+00,1.78125000000000000e+00,1.00000000000000000e+00,7.50000000000000000e-01,1.00000000000000000e+00,0.00000000000000000e+00,
1.00000000000000000e+00,0.00000000000000000e+00,0.00000000000000000e+00,0.00000000000000000e+00,1.78125000000000000e+00,1.00000000000000000e+00,7.50000000000000000e-01,1.00000000000000000e+00,0.00000000000000000e+00,
1.00000000000000000e+00,0.00000000000000000e+00,0.00000000000000000e+00,0.00000000000000000e+00,1.78125000000000000e+00,1.00000000000000000e+00,7.50000000000000000e-01,1.00000000000000000e+00,0.00000000000000000e+00,
1.00000000001078693e+00,4.28304994316984405e-13,5.47210388098881297e-12,0.00000000000000000e+00,1.78125000003465095e+00,1.00000000002157363e+00,7.50000000000000000e-01,1.00000000001307687e+00,0.00000000000000000e+00,
1.00000001506327729e+00,1.93221241538585914e-01,7.64147853377830485e-09,0.00000000000000000e+00,1.78125004838748602e+00,1.00000003012655414e+00,7.50000000000000000e-01,1.00000001826093277e+00,0.00000000000000000e+00,
8.73768279370816803e-01,4.32331233065410658e-01,-6.28963954133529429e-02,0.00000000000000000e+00,1.42751941349082156e+00,7.63330772881693487e-01,7.50000000000000000e-01,8.44544946314218947e-01,0.00000000000000000e+00,
8.21340339215382742e-01,4.33733590270272085e-01,-1.56267316131654427e-01,0.00000000000000000e+00,1.94898446858312857e+00,6.67391864881020092e-01,7.50000000000000000e-01,5.89541974752784803e-01,0.00000000000000000e+00,
7.03987817379860381e-01,4.24940573803706589e-01,-3.62843373337511488e-01,0.00000000000000000e+00,1.95740535519988912e+00,4.90247075433939528e-01,7.50000000000000000e-01,-5.29676673986669622e-01,0.00000000000000000e+00,
2.37405283626546088e-01,1.44405121273909670e-01,-1.99251391906298397e-01,0.00000000000000000e+00,1.28729966289193531e+00,4.15148576710497097e-01,7.50000000000000000e-01,-5.26581771607357640e-01,0.00000000000000000e+00,
1.36276370124382734e-01,-5.27113810491913835e-03,-1.85102953515148549e-02,0.00000000000000000e+00,8.10023174536223411e-01,1.22054670906966423e-01,7.50000000000000000e-01,-8.49203490818667084e-01,0.00000000000000000e+00,
1.17664551992190614e-01,-2.58201159188656930e-02,-1.78918825919981914e-02,0.00000000000000000e+00,7.88826389741829725e-01,8.85990629764132481e-02,7.50000000000000000e-01,-8.96239956865241716e-01,0.00000000000000000e+00,
1.23874095522081965e-01,-4.11907000875820235e-03,-2.74395452215995183e-03,0.00000000000000000e+00,8.66141565968450489e-01,9.82052068803534739e-02,7.50000000000000000e-01,-8.88924920017773790e-01,0.00000000000000000e+00,
1.25536098453338935e-01,1.98119243277613362e-03,1.30642737119136734e-03,0.00000000000000000e+00,8.88562728310990591e-01,1.00859329073834020e-01,7.50000000000000000e-01,-9.91104202878052010e-01,0.00000000000000000e+00,
1.25000000000000000e-01,9.75636039614766050e-18,0.00000000000000000e+00,0.00000000000000000e+00,8.81250000000000089e-01,1.00000000000000006e-01,7.50000000000000000e-01,-1.00000000000000000e+00,0.00000000000000000e+00,
1.25000000000000000e-01,9.74353453004339001e-18,0.00000000000000000e+00,0.00000000000000000e+00,8.81250000000000089e-01,1.00000000000000006e-01,7.50000000000000000e-01,-1.00000000000000000e+00,0.00000000000000000e+00,

