1
1
1
0
(16 0
((0,0,0) (31,7,8) (0,0,1))
((32,0,0) (63,7,8) (0,0,1))
((64,0,0) (95,7,8) (0,0,1))
((96,0,0) (127,7,8) (0,0,1))
((128,0,0) (159,7,8) (0,0,1))
((160,0,0) (191,7,8) (0,0,1))
((192,0,0) (223,7,8) (0,0,1))
((224,0,0) (255,7,8) (0,0,1))
((256,0,0) (287,7,8) (0,0,1))
((288,0,0) (319,7,8) (0,0,1))
((320,0,0) (351,7,8) (0,0,1))
((352,0,0) (383,7,8) (0,0,1))
((384,0,0) (415,7,8) (0,0,1))
((416,0,0) (447,7,8) (0,0,1))
((448,0,0) (479,7,8) (0,0,1))
((480,0,0) (511,7,8) (0,0,1))
)
16
FabOnDisk: Cell_D_00000 222260
FabOnDisk: Cell_D_00000 0
FabOnDisk: Cell_D_00000 18520
FabOnDisk: Cell_D_00000 240779
FabOnDisk: Cell_D_00000 37040
FabOnDisk: Cell_D_00000 55562
FabOnDisk: Cell_D_00000 74084
FabOnDisk: Cell_D_00000 92606
FabOnDisk: Cell_D_00000 259300
FabOnDisk: Cell_D_00000 111128
FabOnDisk: Cell_D_00000 129650
FabOnDisk: Cell_D_00000 277822
FabOnDisk: Cell_D_00000 148172
FabOnDisk: Cell_D_00000 166694
FabOnDisk: Cell_D_00000 185216
FabOnDisk: Cell_D_00000 203738

16,1
-3.82594246676055684e-120,
-1.15744570490780529e-100,
-4.48716000917742701e-81,
-2.65083316134707622e-62,
-1.08220982950501331e-44,
-1.11659276255832525e-27,
-4.20341725362155869e-18,
-7.38758161931302065e-18,
-2.42354010398819978e-17,
-9.91356557385762153e-18,
-8.85321049396674277e-18,
-7.56736181831603393e-18,
-7.61343570066222516e-18,
-1.12106254965260712e-23,
0.00000000000000000e+00,
0.00000000000000000e+00,

16,1
3.31304797474075238e-121,
1.66856175732095043e-101,
1.17638940973150501e-80,
2.82141463570997972e-63,
1.10467868477117215e-45,
9.93392338330862491e-29,
7.82766314566415368e-18,
7.30403587275524296e-18,
8.00709761119171029e-18,
9.30641193823373528e-18,
1.82734687717011199e-17,
-7.55596828446830137e-18,
3.05560109359958231e-19,
5.70910169424682910e-25,
0.00000000000000000e+00,
0.00000000000000000e+00,

