1
1
9
0
(16 0
((0,0,0) (31,7,7) (0,0,0))
((32,0,0) (63,7,7) (0,0,0))
((64,0,0) (95,7,7) (0,0,0))
((96,0,0) (127,7,7) (0,0,0))
((128,0,0) (159,7,7) (0,0,0))
((160,0,0) (191,7,7) (0,0,0))
((192,0,0) (223,7,7) (0,0,0))
((224,0,0) (255,7,7) (0,0,0))
((256,0,0) (287,7,7) (0,0,0))
((288,0,0) (319,7,7) (0,0,0))
((320,0,0) (351,7,7) (0,0,0))
((352,0,0) (383,7,7) (0,0,0))
((384,0,0) (415,7,7) (0,0,0))
((416,0,0) (447,7,7) (0,0,0))
((448,0,0) (479,7,7) (0,0,0))
((480,0,0) (511,7,7) (0,0,0))
)
16
FabOnDisk: Cell_D_00000 1770548
FabOnDisk: Cell_D_00000 0
FabOnDisk: Cell_D_00000 147544
FabOnDisk: Cell_D_00000 1918091
FabOnDisk: Cell_D_00000 295088
FabOnDisk: Cell_D_00000 442634
FabOnDisk: Cell_D_00000 590180
FabOnDisk: Cell_D_00000 737726
FabOnDisk: Cell_D_00000 2065636
FabOnDisk: Cell_D_00000 885272
FabOnDisk: Cell_D_00000 1032818
FabOnDisk: Cell_D_00000 2213182
FabOnDisk: Cell_D_00000 1180364
FabOnDisk: Cell_D_00000 1327910
FabOnDisk: Cell_D_00000 1475456
FabOnDisk: Cell_D_00000 1623002

16,9
1.00000000000000000e+00,0.00000000000000000e+00,0.00000000000000000e+00,-1.18362983987087133e-86,1.78125000000000000e+00,1.00000000000000000e+00,7.50000000000000000e-01,1.00000000000000000e+00,-1.59402291878357485e-86,
1.00000000000000000e+00,0.00000000000000000e+00,0.00000000000000000e+00,-5.67623941733002010e-69,1.78125000000000000e+00,1.00000000000000000e+00,7.50000000000000000e-01,1.00000000000000000e+00,-7.11712315782086060e-69,
1.00000000000000000e+00,0.00000000000000000e+00,0.00000000000000000e+00,-1.94585553472664588e-53,1.78125000000000000e+00,1.00000000000000000e+00,7.50000000000000000e-01,1.00000000000000000e+00,-3.05891944159434611e-53,
1.00000000000000000e+00,0.00000000000000000e+00,0.00000000000000000e+00,-8.85336057252526920e-36,1.78125000000000000e+00,1.00000000000000000e+00,7.50000000000000000e-01,1.00000000000000000e+00,-1.21419494322800180e-35,
9.99999999999799050e-01,-2.27778751514184184e-11,-1.01641825037098705e-13,-4.42545330848977844e-18,1.78124999999935651e+00,9.99999999999599098e-01,7.50000000000000000e-01,9.99999999999757083e-01,-4.12039469008509973e-18,
8.81488253943333078e-01,-3.62690897472737054e-08,-5.91135347876301856e-02,-5.32195394304261946e-18,1.44626485578647812e+00,7.76889853765413974e-01,7.50000000000000000e-01,8.54214993373012876e-01,-7.50071271938128997e-18,
6.73713145299519311e-01,2.04254670807238997e-01,-1.59072782929420620e-01,-4.13733565546183388e-18,1.06188564087969373e+00,4.53565867063770223e-01,7.50000000000000000e-01,5.81346965726629805e-01,-1.00999426680545559e-17,
6.76264296825026201e-01,3.68105027640578120e-01,-1.11080760971591896e+00,-5.02443965090768138e-18,1.06487419379218839e+00,4.56969074975577372e-01,7.50000000000000000e-01,-5.39520635396164794e-01,-5.93055829779423555e-18,
2.28323810338733502e-01,1.34474625517129492e-01,-1.11368607571996225e+00,-1.07717216070808257e-17,1.26222642791960316e+00,1.33847163895446736e-01,7.50000000000000000e-01,-5.40015156854272593e-01,-8.39271459795546851e-18,
1.84951367990421556e-01,5.36708258031538404e-02,-3.76872956843503859e-01,-4.03512542500534884e-18,9.64536994788642854e-01,2.46888109260464977e-01,7.50000000000000000e-01,-7.07070530671984998e-01,-1.40816722018227927e-17,
1.16524571984022954e-01,-2.96097978078034320e-02,-6.62843399607665612e-02,-2.69781400141516380e-18,7.75741449849302045e-01,8.68853258360687136e-02,7.50000000000000000e-01,-9.08773790555946204e-01,-7.82250099339912555e-18,
1.16540874554140611e-01,-2.95614590930931773e-02,-2.06403997375692108e-02,-2.65269774938927461e-18,7.75925623586207203e-01,8.69126753708096417e-02,7.50000000000000000e-01,-9.11391968064391267e-01,-7.63804815569038653e-18,
1.15811906073190890e-01,-3.19564919721036789e-02,-2.24237265361832867e-02,-6.35841524603588909e-18,7.67735099505603036e-01,8.58320297190740683e-02,7.50000000000000000e-01,-9.85066047800799316e-01,-3.14812827632977568e-18,
1.24101785347664487e-01,-3.29062165678073925e-03,-2.18905644597252452e-03,-6.89553801364745000e-18,8.69169840441369024e-01,9.85670591058185608e-02,7.50000000000000000e-01,-1.00467608101045891e+00,-2.70282985173266415e-18,
1.24999999999999972e-01,-1.94783392646853193e-17,0.00000000000000000e+00,-8.48422336178246204e-18,8.81250000000000089e-01,1.00000000000000006e-01,7.50000000000000000e-01,-1.00000000000000000e+00,-4.22286771424035418e-17,
1.24999999999999820e-01,-2.92180809052660130e-17,-6.81579068332512271e-17,-9.03580644561469661e-18,8.81249999999999978e-01,9.99999999999997558e-02,7.50000000000000000e-01,-1.00000000000000000e+00,-4.49818802355159824e-17,

16,9
1.00000000000000000e+00,0.00000000000000000e+00,0.00000000000000000e+00,1.74382365319849428e-85,1.78125000000000000e+00,1.00000000000000000e+00,7.50000000000000000e-01,1.00000000000000000e+00,2.40276917196116932e-85,
1.00000000000000000e+00,0.00000000000000000e+00,0.00000000000000000e+00,3.75925748130929988e-69,1.78125000000000000e+00,1.00000000000000000e+00,7.50000000000000000e-01,1.00000000000000000e+00,3.82081395062697139e-69,
1.00000000000000000e+00,0.00000000000000000e+00,0.00000000000000000e+00,1.49835378930214682e-52,1.78125000000000000e+00,1.00000000000000000e+00,7.50000000000000000e-01,1.00000000000000000e+00,1.92332393813807469e-52,
1.00000000000000000e+00,0.00000000000000000e+00,0.00000000000000000e+00,8.98721499851893723e-35,1.78125000000000000e+00,1.00000000000000000e+00,7.50000000000000000e-01,1.00000000000000000e+00,1.25488011643355668e-34,
1.00000000001270806e+00,3.59969126214729047e-13,6.44689159255732281e-12,2.69375402409607989e-18,1.78125000004082401e+00,1.00000000002541722e+00,7.50000000000000000e-01,1.00000000001540656e+00,4.02803097360345912e-18,
1.00000002023624091e+00,1.93132405105988308e-01,1.02656797126522184e-08,8.02593391366146515e-18,1.78125006500450533e+00,1.00000004047248314e+00,7.50000000000000000e-01,1.00000002453201953e+00,5.70874143091509876e-18,
8.73831906514805357e-01,4.32767536977520684e-01,-6.28652476940021049e-02,4.44690796958663082e-18,1.42767241494840613e+00,7.63442247303859345e-01,7.50000000000000000e-01,8.44624747204316573e-01,9.84978583837684698e-18,
8.20240755862222004e-01,4.33555966116814073e-01,-1.56207237242044827e-01,4.94537858768297082e-18,1.94908578542657929e+00,6.66724537072761247e-01,7.50000000000000000e-01,5.89711414510111775e-01,8.85351777607240462e-18,
7.03774092021175801e-01,4.25430226755521668e-01,-3.62319010371283945e-01,7.64362659111829875e-18,1.95672169317138134e+00,4.90068260632038621e-01,7.50000000000000000e-01,-5.29693503528383292e-01,1.07533360834704946e-17,
2.37422135853905841e-01,1.44681318384482394e-01,-1.96609365528732816e-01,4.95761446000205153e-18,1.28895616846823513e+00,4.14852820745482131e-01,7.50000000000000000e-01,-5.26881000740206162e-01,1.53681050134131527e-17,
1.36136726372332428e-01,-6.34307815746259444e-03,-1.82915103934408428e-02,4.61643710340166800e-18,8.08023244214826075e-01,1.21414975781369436e-01,7.50000000000000000e-01,-8.50725280896088232e-01,1.50984946092286151e-17,
1.17712805036427878e-01,-2.56578277193021884e-02,-1.77739346530430761e-02,3.73832035585409184e-18,7.89386760867712090e-01,8.86718252225661002e-02,7.50000000000000000e-01,-8.96854818306837553e-01,9.02554396973312687e-18,
1.23755466775040637e-01,-4.54991469719110558e-03,-3.03303392493046260e-03,1.17615178641100080e-18,8.64568577185664933e-01,9.80174463557282327e-02,7.50000000000000000e-01,-8.87767818279012189e-01,3.11449054257948940e-17,
1.25390974759294116e-01,1.44361246429509536e-03,9.52787500646734868e-04,1.73408741229747373e-19,8.86575578808376119e-01,1.00626394462746391e-01,7.50000000000000000e-01,-9.89229203449891292e-01,2.09705909463273012e-17,
1.25000000000000000e-01,9.75012175878748370e-18,0.00000000000000000e+00,5.00668873342030024e-19,8.81250000000000311e-01,1.00000000000000061e-01,7.50000000000000000e-01,-1.00000000000000000e+00,-7.56085486638748071e-18,
1.25000000000000056e-01,1.16835807052294129e-16,5.84278868983555762e-17,8.92570515199261557e-18,8.81250000000000311e-01,1.00000000000000311e-01,7.50000000000000000e-01,-9.99999999999999889e-01,7.80092102248062873e-18,

