1
1
9
0
(16 0
((0,0,0) (31,7,7) (0,0,0))
((32,0,0) (63,7,7) (0,0,0))
((64,0,0) (95,7,7) (0,0,0))
((96,0,0) (127,7,7) (0,0,0))
((128,0,0) (159,7,7) (0,0,0))
((160,0,0) (191,7,7) (0,0,0))
((192,0,0) (223,7,7) (0,0,0))
((224,0,0) (255,7,7) (0,0,0))
((256,0,0) (287,7,7) (0,0,0))
((288,0,0) (319,7,7) (0,0,0))
((320,0,0) (351,7,7) (0,0,0))
((352,0,0) (383,7,7) (0,0,0))
((384,0,0) (415,7,7) (0,0,0))
((416,0,0) (447,7,7) (0,0,0))
((448,0,0) (479,7,7) (0,0,0))
((480,0,0) (511,7,7) (0,0,0))
)
16
FabOnDisk: Cell_D_00000 1770548
FabOnDisk: Cell_D_00000 0
FabOnDisk: Cell_D_00000 147544
FabOnDisk: Cell_D_00000 1918091
FabOnDisk: Cell_D_00000 295088
FabOnDisk: Cell_D_00000 442634
FabOnDisk: Cell_D_00000 590180
FabOnDisk: Cell_D_00000 737726
FabOnDisk: Cell_D_00000 2065636
FabOnDisk: Cell_D_00000 885272
FabOnDisk: Cell_D_00000 1032818
FabOnDisk: Cell_D_00000 2213182
FabOnDisk: Cell_D_00000 1180364
FabOnDisk: Cell_D_00000 1327910
FabOnDisk: Cell_D_00000 1475456
FabOnDisk: Cell_D_00000 1623002

16,9
1.00000000000000000e+00,0.00000000000000000e+00,0.00000000000000000e+00,-1.45990913234011457e-77,1.78125000000000000e+00,1.00000000000000000e+00,7.50000000000000000e-01,1.00000000000000000e+00,-1.76528100183893224e-77,
1.00000000000000000e+00,0.00000000000000000e+00,0.00000000000000000e+00,-4.10660219817463825e-61,1.78125000000000000e+00,1.00000000000000000e+00,7.50000000000000000e-01,1.00000000000000000e+00,-6.22109593149723434e-61,
1.00000000000000000e+00,0.00000000000000000e+00,0.00000000000000000e+00,-6.26199123921584345e-44,1.78125000000000000e+00,1.00000000000000000e+00,7.50000000000000000e-01,1.00000000000000000e+00,-7.96045998366510456e-44,
1.00000000000000000e+00,0.00000000000000000e+00,0.00000000000000000e+00,-5.96032722750545640e-27,1.78125000000000000e+00,1.00000000000000000e+00,7.50000000000000000e-01,1.00000000000000000e+00,-6.98035245276676765e-27,
9.99947681892839446e-01,-2.90719019078610752e-08,-2.66484549414596838e-05,-3.51881328489257958e-17,1.78108189935266603e+00,9.99895366367121285e-01,7.50000000000000000e-01,9.99936358110668499e-01,-3.52290679681259213e-17,
8.12501685997282008e-01,9.39301583649302903e-05,-9.26580318570089656e-02,-3.50778364351745429e-17,1.29146335504050458e+00,6.59983647910989846e-01,7.50000000000000000e-01,7.66818262550355789e-01,-3.87663918765228671e-17,
6.76470053623337897e-01,2.95109955084991660e-01,-1.57766707884185925e-01,-5.34883059127535670e-17,1.06544711028326633e+00,4.57331357020870077e-01,7.50000000000000000e-01,5.85197919402080546e-01,-6.00191544570722913e-17,
6.76369445914350442e-01,3.61642580744695130e-01,-1.12316785589267143e+00,-3.43383999464313947e-17,1.06480267996250921e+00,4.56953825286013859e-01,7.50000000000000000e-01,-5.46831863450341071e-01,-4.27125969734784149e-17,
2.90247514036693077e-01,1.76150849921770408e-01,-1.12106209785301392e+00,-4.90700065735972642e-17,1.35739562254784474e+00,1.00592529647248213e-01,7.50000000000000000e-01,-5.43174323894074718e-01,-5.42921649760847033e-17,
2.28786782370803410e-01,1.32905995797391596e-01,-3.81935339367876825e-01,-3.00949676397357995e-17,1.26042367087086626e+00,2.92865522478271079e-01,7.50000000000000000e-01,-5.40246706398387899e-01,-5.48443629610578278e-17,
1.15979620819662496e-01,-3.01350932394059343e-02,-3.76615337258867811e-01,-1.57473014644177581e-17,7.58425694267543138e-01,8.60648838929879145e-02,7.50000000000000000e-01,-9.08969286881844751e-01,-5.68261121313441977e-17,
1.16551956739347123e-01,-2.95192116911466226e-02,-2.06040470937991008e-02,-1.80593078264631855e-17,7.76064554571765042e-01,8.69262813935139933e-02,7.50000000000000000e-01,-9.06094297956806738e-01,-8.15413892766500717e-17,
1.15387578156319934e-01,-3.33419107561053960e-02,-2.34639323123948251e-02,-1.50232880165328287e-17,7.63027843627169355e-01,8.52030571716673318e-02,7.50000000000000000e-01,-9.10007528510512365e-01,-8.08494142975385965e-17,
1.16338703123924539e-01,-3.02185716425605183e-02,-2.11231746275268584e-02,-2.25812075386033643e-17,7.73674341696442891e-01,8.66139834277546844e-02,7.50000000000000000e-01,-1.01242465812192228e+00,-3.01197408533893519e-17,
1.24751590581805002e-01,-9.13044364277858429e-04,-6.02798226234795204e-04,-1.41330592854037471e-17,8.77893158479313485e-01,9.96028360802163476e-02,7.50000000000000000e-01,-1.01270990409579387e+00,-5.62244099017498634e-17,
1.25000000000000000e-01,0.00000000000000000e+00,0.00000000000000000e+00,-1.32844008541361548e-19,8.81249999999999978e-01,9.99999999999999778e-02,7.50000000000000000e-01,-1.00000000000000000e+00,-9.54408417507009395e-23,

16,9
1.00000000000000000e+00,0.00000000000000000e+00,0.00000000000000000e+00,2.71893940487552320e-78,1.78125000000000000e+00,1.00000000000000000e+00,7.50000000000000000e-01,1.00000000000000000e+00,3.84957312160654906e-78,
1.00000000000000000e+00,0.00000000000000000e+00,0.00000000000000000e+00,4.05040246295359433e-62,1.78125000000000000e+00,1.00000000000000000e+00,7.50000000000000000e-01,1.00000000000000000e+00,5.90000630212639528e-62,
1.00000000000000000e+00,0.00000000000000000e+00,0.00000000000000000e+00,4.85681992140305122e-45,1.78125000000000000e+00,1.00000000000000000e+00,7.50000000000000000e-01,1.00000000000000000e+00,6.40731286401896044e-45,
1.00000000000000000e+00,0.00000000000000000e+00,0.00000000000000000e+00,7.80267513003301209e-28,1.78125000000000000e+00,1.00000000000000000e+00,7.50000000000000000e-01,1.00000000000000000e+00,9.43909994861147667e-28,
1.00000001633403279e+00,9.37871023660816097e-05,7.45858105552013236e-09,2.01076665428440880e-17,1.78125005200328279e+00,1.00000003266806448e+00,7.50000000000000000e-01,1.00000001854912335e+00,2.65575386026336552e-17,
9.99947603091652426e-01,2.87202019348561821e-01,-2.66569809381653688e-05,3.89394614624169911e-17,1.78108166180338112e+00,9.99895208762045296e-01,7.50000000000000000e-01,9.99936213507363503e-01,4.49948684697410260e-17,
8.06188310892769100e-01,4.30471009108895630e-01,-9.57007620210063581e-02,3.68428309116606022e-17,1.27869937565867087e+00,6.49759007789047938e-01,7.50000000000000000e-01,7.58697158837333241e-01,4.11199024231205519e-17,
8.18695018791694595e-01,4.39202327611772192e-01,-1.56198547503062696e-01,3.29860753217300719e-17,1.96741727142685385e+00,6.56736226362163666e-01,7.50000000000000000e-01,5.89764671597436840e-01,3.24610975978872855e-17,
7.09777828521998555e-01,4.30186435967165048e-01,-4.57835611789964181e-01,2.82529334681869899e-17,1.96455509904270298e+00,4.98350540249895391e-01,7.50000000000000000e-01,-5.26864223508360152e-01,6.21827958775173056e-17,
2.41767900567035898e-01,1.45522952509858694e-01,-3.63022633265609740e-01,3.38421339809987890e-17,1.28397226605115233e+00,3.64403879570612321e-01,7.50000000000000000e-01,-5.24491084341891400e-01,5.51515000486063006e-17,
2.41104109519621468e-01,1.44431583031921440e-01,-1.81637276949791655e-02,2.69158577373521843e-17,1.28277350578414340e+00,3.74236230124319558e-01,7.50000000000000000e-01,-5.26579617748188289e-01,1.02131694202354399e-16,
1.17283513531928021e-01,-2.70907325732697782e-02,-1.88187602553423622e-02,2.45343645456014857e-17,7.84431546658296508e-01,8.80191603005349016e-02,7.50000000000000000e-01,-8.97007165552542340e-01,6.09209007213738894e-17,
1.17603559829421819e-01,-2.60370155808604398e-02,-1.80478419534962006e-02,1.96968346382869877e-17,7.88089938071012019e-01,8.85034151766415228e-02,7.50000000000000000e-01,-8.82462422176548467e-01,6.77063396389703994e-17,
1.26041605980874744e-01,3.85963275563583558e-03,2.53416145714451023e-03,1.41023878058439573e-17,8.95520248003852659e-01,1.01672095198546072e-01,7.50000000000000000e-01,-8.94385412390358403e-01,4.69223690568438351e-17,
1.26065183403634179e-01,3.94884574859278355e-03,2.59402113503829149e-03,1.41539689258173679e-17,8.95851321006081225e-01,1.01710162516907857e-01,7.50000000000000000e-01,-9.97044524260946807e-01,6.28709567816418487e-17,
1.25000000000000000e-01,0.00000000000000000e+00,0.00000000000000000e+00,3.04167144286101495e-23,8.81249999999999978e-01,1.00000000000000006e-01,7.50000000000000000e-01,-1.00000000000000000e+00,3.00461898461986671e-19,

