1
1
1
0
(16 0
((0,0,0) (31,7,8) (0,0,1))
((32,0,0) (63,7,8) (0,0,1))
((64,0,0) (95,7,8) (0,0,1))
((96,0,0) (127,7,8) (0,0,1))
((128,0,0) (159,7,8) (0,0,1))
((160,0,0) (191,7,8) (0,0,1))
((192,0,0) (223,7,8) (0,0,1))
((224,0,0) (255,7,8) (0,0,1))
((256,0,0) (287,7,8) (0,0,1))
((288,0,0) (319,7,8) (0,0,1))
((320,0,0) (351,7,8) (0,0,1))
((352,0,0) (383,7,8) (0,0,1))
((384,0,0) (415,7,8) (0,0,1))
((416,0,0) (447,7,8) (0,0,1))
((448,0,0) (479,7,8) (0,0,1))
((480,0,0) (511,7,8) (0,0,1))
)
16
FabOnDisk: Cell_D_00000 222260
FabOnDisk: Cell_D_00000 0
FabOnDisk: Cell_D_00000 18520
FabOnDisk: Cell_D_00000 240779
FabOnDisk: Cell_D_00000 37040
FabOnDisk: Cell_D_00000 55562
FabOnDisk: Cell_D_00000 74084
FabOnDisk: Cell_D_00000 92606
FabOnDisk: Cell_D_00000 259300
FabOnDisk: Cell_D_00000 111128
FabOnDisk: Cell_D_00000 129650
FabOnDisk: Cell_D_00000 277822
FabOnDisk: Cell_D_00000 148172
FabOnDisk: Cell_D_00000 166694
FabOnDisk: Cell_D_00000 185216
FabOnDisk: Cell_D_00000 203738

16,1
-2.13466650555615711e-84,
-3.23358377781886474e-69,
-1.39460206065251195e-51,
-3.39004228878048234e-35,
-2.26714504756622191e-17,
-3.47161201725370772e-17,
-3.33440684510647505e-17,
-5.59912254412211579e-17,
-3.42318985749502189e-17,
-5.53709584299644374e-17,
-5.67855259317220240e-17,
-7.57386899470526182e-17,
-6.79711018970470075e-17,
-2.91724146153292891e-17,
-2.00428704264348714e-17,
-4.42086493311395866e-32,

16,1
2.05170057438986056e-85,
3.48901794195899773e-68,
1.68487850656915138e-52,
8.55123515758655464e-35,
9.65068575237218739e-18,
4.32699095175923735e-17,
3.54484299620290316e-17,
5.86504547614438335e-17,
3.23239944882333803e-17,
5.22906509021946609e-17,
5.34408610518352052e-17,
9.41855623387476416e-17,
9.22758532222564545e-17,
3.59375280610436502e-17,
3.43847663570344554e-17,
5.79887252102861118e-33,

