1
1
9
0
(16 0
((0,0,0) (31,7,7) (0,0,0))
((32,0,0) (63,7,7) (0,0,0))
((64,0,0) (95,7,7) (0,0,0))
((96,0,0) (127,7,7) (0,0,0))
((128,0,0) (159,7,7) (0,0,0))
((160,0,0) (191,7,7) (0,0,0))
((192,0,0) (223,7,7) (0,0,0))
((224,0,0) (255,7,7) (0,0,0))
((256,0,0) (287,7,7) (0,0,0))
((288,0,0) (319,7,7) (0,0,0))
((320,0,0) (351,7,7) (0,0,0))
((352,0,0) (383,7,7) (0,0,0))
((384,0,0) (415,7,7) (0,0,0))
((416,0,0) (447,7,7) (0,0,0))
((448,0,0) (479,7,7) (0,0,0))
((480,0,0) (511,7,7) (0,0,0))
)
16
FabOnDisk: Cell_D_00000 1770548
FabOnDisk: Cell_D_00000 0
FabOnDisk: Cell_D_00000 147544
FabOnDisk: Cell_D_00000 1918091
FabOnDisk: Cell_D_00000 295088
FabOnDisk: Cell_D_00000 442634
FabOnDisk: Cell_D_00000 590180
FabOnDisk: Cell_D_00000 737726
FabOnDisk: Cell_D_00000 2065636
FabOnDisk: Cell_D_00000 885272
FabOnDisk: Cell_D_00000 1032818
FabOnDisk: Cell_D_00000 2213182
FabOnDisk: Cell_D_00000 1180364
FabOnDisk: Cell_D_00000 1327910
FabOnDisk: Cell_D_00000 1475456
FabOnDisk: Cell_D_00000 1623002

16,9
1.00000000000000000e+00,0.00000000000000000e+00,0.00000000000000000e+00,-1.48800383918242272e-105,1.78125000000000000e+00,1.00000000000000000e+00,7.50000000000000000e-01,1.00000000000000000e+00,-8.81046914644337125e-106,
1.00000000000000000e+00,0.00000000000000000e+00,0.00000000000000000e+00,-8.93222663624759946e-88,1.78125000000000000e+00,1.00000000000000000e+00,7.50000000000000000e-01,1.00000000000000000e+00,-1.18900248007366451e-87,
1.00000000000000000e+00,0.00000000000000000e+00,0.00000000000000000e+00,-5.02536119716330107e-70,1.78125000000000000e+00,1.00000000000000000e+00,7.50000000000000000e-01,1.00000000000000000e+00,-6.89936289117005289e-70,
1.00000000000000000e+00,0.00000000000000000e+00,0.00000000000000000e+00,-9.63187895404261356e-53,1.78125000000000000e+00,1.00000000000000000e+00,7.50000000000000000e-01,1.00000000000000000e+00,-1.17433863122303104e-52,
1.00000000000000000e+00,0.00000000000000000e+00,0.00000000000000000e+00,-6.99299765665533772e-36,1.78125000000000000e+00,1.00000000000000000e+00,7.50000000000000000e-01,1.00000000000000000e+00,-7.51063691552561145e-36,
9.99999999999970912e-01,0.00000000000000000e+00,-1.53448433841515064e-14,-1.50660598877935659e-18,1.78124999999990741e+00,9.99999999999942379e-01,7.50000000000000000e-01,9.99999999999964917e-01,-2.98193977936275465e-18,
8.04560082677300836e-01,-1.37072058356155222e-07,-9.64898341452788688e-02,-6.01558537249546581e-18,1.27545425072342944e+00,6.46976120870746074e-01,7.50000000000000000e-01,7.56596302768685391e-01,-6.35105827927358050e-18,
6.72898356750978865e-01,3.11531987368329766e-01,-1.11091789597204404e+00,-5.87939653371431566e-18,1.06083038791079631e+00,4.52263405656148088e-01,7.50000000000000000e-01,-5.34805041653377611e-01,-8.05581701316315734e-18,
2.29600565887125990e-01,1.36655139736368281e-01,-1.12126786688092639e+00,-6.03400896357693909e-18,1.26533218559076688e+00,7.20405293037117977e-02,7.50000000000000000e-01,-5.41178155043759768e-01,-1.46570065382868669e-17,
1.16568267019002025e-01,-2.94618258499699109e-02,-3.71887675871170609e-01,-2.48206368202436852e-18,7.76263191208039216e-01,8.69465121993496931e-02,7.50000000000000000e-01,-9.09264779778435006e-01,-1.16197777548533728e-17,
1.15694914181467517e-01,-3.23391561323301477e-02,-2.27106102654371367e-02,-3.91932730582090680e-18,7.66434076700030165e-01,8.56554857823711713e-02,7.50000000000000000e-01,-9.83580143353609659e-01,-1.11326425591360337e-17,
1.24126661514790182e-01,-3.19967894548989565e-03,-2.12858696375207122e-03,-9.13262294004250651e-18,8.69503016956660102e-01,9.86063056487976319e-02,7.50000000000000000e-01,-1.00458815066367579e+00,-7.56591268996414012e-18,
1.25000000000000000e-01,9.73913464263873830e-18,0.00000000000000000e+00,4.93400065725624102e-19,8.81250000000000089e-01,1.00000000000000006e-01,7.50000000000000000e-01,-1.00000000000000000e+00,-7.57634499388405681e-18,
1.25000000000000000e-01,9.74069089040942377e-18,0.00000000000000000e+00,4.98914528278335338e-19,8.81250000000000089e-01,1.00000000000000006e-01,7.50000000000000000e-01,-1.00000000000000000e+00,-7.57705299643576710e-18,
1.25000000000000000e-01,9.73934093410916518e-18,0.00000000000000000e+00,4.97427092620004576e-19,8.81250000000000089e-01,1.00000000000000006e-01,7.50000000000000000e-01,-1.00000000000000000e+00,-7.57494235043596876e-18,
1.25000000000000000e-01,-4.86899284252998389e-18,0.00000000000000000e+00,2.46705513245856931e-19,8.81249999999999978e-01,1.00000000000000006e-01,7.50000000000000000e-01,-1.00000000000000000e+00,-7.69489993193987810e-18,

16,9
1.00000000000000000e+00,0.00000000000000000e+00,0.00000000000000000e+00,1.90026863710407593e-105,1.78125000000000000e+00,1.00000000000000000e+00,7.50000000000000000e-01,1.00000000000000000e+00,2.50095682330052776e-105,
1.00000000000000000e+00,0.00000000000000000e+00,0.00000000000000000e+00,9.59943754885328070e-87,1.78125000000000000e+00,1.00000000000000000e+00,7.50000000000000000e-01,1.00000000000000000e+00,1.32651709910982243e-86,
1.00000000000000000e+00,0.00000000000000000e+00,0.00000000000000000e+00,1.79269736175966887e-69,1.78125000000000000e+00,1.00000000000000000e+00,7.50000000000000000e-01,1.00000000000000000e+00,2.11892496919210000e-69,
1.00000000000000000e+00,0.00000000000000000e+00,0.00000000000000000e+00,1.20526807352234111e-53,1.78125000000000000e+00,1.00000000000000000e+00,7.50000000000000000e-01,1.00000000000000000e+00,1.46996184423111266e-53,
1.00000000000000000e+00,0.00000000000000000e+00,0.00000000000000000e+00,3.79208405884581472e-36,1.78125000000000000e+00,1.00000000000000000e+00,7.50000000000000000e-01,1.00000000000000000e+00,5.10060564527196045e-36,
1.00000000000000000e+00,5.33759230818036745e-14,0.00000000000000000e+00,3.59621220454601054e-19,1.78125000000000000e+00,1.00000000000000000e+00,7.50000000000000000e-01,1.00000000000000000e+00,4.74659986811331642e-18,
1.00000007647898648e+00,2.97126133411794446e-01,3.87971648006274921e-08,5.26855740945831374e-18,1.78125024567205403e+00,1.00000015295797873e+00,7.50000000000000000e-01,1.00000009271405643e+00,7.52392272089938165e-18,
8.20529259060107985e-01,4.33454248459423541e-01,-1.02165685070165796e-01,6.10466567984084475e-18,1.93531550710628508e+00,6.66899456921397293e-01,7.50000000000000000e-01,7.41340625824312927e-01,7.87156921364685873e-18,
7.09803360158940522e-01,4.32803097809539794e-01,-3.64016631853005368e-01,4.45941000256073424e-18,1.96656806405314644e+00,4.89346124074556688e-01,7.50000000000000000e-01,-5.27347493630352049e-01,1.38643202071314996e-17,
2.35832252041657003e-01,1.41138830080611427e-01,-1.81815784707655796e-02,4.06139742822070295e-18,1.27826743177773694e+00,4.09514992738880701e-01,7.50000000000000000e-01,-5.33648962252123327e-01,7.84663591687500590e-18,
1.23632014308509300e-01,-4.99730546225284067e-03,-3.33404523982353115e-03,3.38067289389871374e-18,8.62937239259411792e-01,9.78214490714815199e-02,7.50000000000000000e-01,-8.86305967067713474e-01,1.69098259751912601e-17,
1.25383620331249335e-01,1.41640276087874064e-03,9.34835097945388958e-04,4.95124250632505799e-19,8.86475077227423025e-01,1.00614604766729357e-01,7.50000000000000000e-01,-9.89527585884738992e-01,3.08982925007783774e-17,
1.25000000000000000e-01,9.75631552338044631e-18,0.00000000000000000e+00,4.99794436270009704e-19,8.81250000000000089e-01,1.00000000000000006e-01,7.50000000000000000e-01,-1.00000000000000000e+00,-7.56125872514225610e-18,
1.25000000000000000e-01,9.75573867900817959e-18,0.00000000000000000e+00,5.00333599165082400e-19,8.81250000000000089e-01,1.00000000000000006e-01,7.50000000000000000e-01,-1.00000000000000000e+00,-7.57122353971423497e-18,
1.25000000000000000e-01,9.75625414378707192e-18,0.00000000000000000e+00,4.98666437697822768e-19,8.81250000000000089e-01,1.00000000000000006e-01,7.50000000000000000e-01,-1.00000000000000000e+00,-7.56878344179961937e-18,
1.25000000000000000e-01,1.46058159852044619e-17,0.00000000000000000e+00,5.03402431523526629e-19,8.81250000000000089e-01,1.00000000000000006e-01,7.50000000000000000e-01,-1.00000000000000000e+00,-3.19317507161151604e-18,

