1
1
9
0
(16 0
((0,0,0) (31,7,7) (0,0,0))
((32,0,0) (63,7,7) (0,0,0))
((64,0,0) (95,7,7) (0,0,0))
((96,0,0) (127,7,7) (0,0,0))
((128,0,0) (159,7,7) (0,0,0))
((160,0,0) (191,7,7) (0,0,0))
((192,0,0) (223,7,7) (0,0,0))
((224,0,0) (255,7,7) (0,0,0))
((256,0,0) (287,7,7) (0,0,0))
((288,0,0) (319,7,7) (0,0,0))
((320,0,0) (351,7,7) (0,0,0))
((352,0,0) (383,7,7) (0,0,0))
((384,0,0) (415,7,7) (0,0,0))
((416,0,0) (447,7,7) (0,0,0))
((448,0,0) (479,7,7) (0,0,0))
((480,0,0) (511,7,7) (0,0,0))
)
16
FabOnDisk: Cell_D_00000 1770548
FabOnDisk: Cell_D_00000 0
FabOnDisk: Cell_D_00000 147544
FabOnDisk: Cell_D_00000 1918091
FabOnDisk: Cell_D_00000 295088
FabOnDisk: Cell_D_00000 442634
FabOnDisk: Cell_D_00000 590180
FabOnDisk: Cell_D_00000 737726
FabOnDisk: Cell_D_00000 2065636
FabOnDisk: Cell_D_00000 885272
FabOnDisk: Cell_D_00000 1032818
FabOnDisk: Cell_D_00000 2213182
FabOnDisk: Cell_D_00000 1180364
FabOnDisk: Cell_D_00000 1327910
FabOnDisk: Cell_D_00000 1475456
FabOnDisk: Cell_D_00000 1623002

16,9
1.00000000000000000e+00,0.00000000000000000e+00,0.00000000000000000e+00,-4.73228459412132523e-148,1.78125000000000000e+00,1.00000000000000000e+00,7.50000000000000000e-01,1.00000000000000000e+00,-3.68971064808100628e-148,
1.00000000000000000e+00,0.00000000000000000e+00,0.00000000000000000e+00,-8.74189977999259256e-125,1.78125000000000000e+00,1.00000000000000000e+00,7.50000000000000000e-01,1.00000000000000000e+00,-2.26694631512107516e-124,
1.00000000000000000e+00,0.00000000000000000e+00,0.00000000000000000e+00,-6.23444324275819475e-100,1.78125000000000000e+00,1.00000000000000000e+00,7.50000000000000000e-01,1.00000000000000000e+00,-8.21385746489889933e-100,
1.00000000000000000e+00,0.00000000000000000e+00,0.00000000000000000e+00,-4.45990415074196551e-78,1.78125000000000000e+00,1.00000000000000000e+00,7.50000000000000000e-01,1.00000000000000000e+00,-6.59569698042419426e-78,
1.00000000000000000e+00,0.00000000000000000e+00,0.00000000000000000e+00,-4.91714610227501163e-58,1.78125000000000000e+00,1.00000000000000000e+00,7.50000000000000000e-01,1.00000000000000000e+00,-7.44706327469322220e-58,
1.00000000000000000e+00,0.00000000000000000e+00,0.00000000000000000e+00,-2.82328124956897338e-37,1.78125000000000000e+00,1.00000000000000000e+00,7.50000000000000000e-01,1.00000000000000000e+00,-3.29323290567074308e-37,
9.99999999999991229e-01,-1.36116996893171613e-16,-4.41389668735847086e-15,-4.51722770288182391e-19,1.78124999999997180e+00,9.99999999999982569e-01,7.50000000000000000e-01,9.99999999999989342e-01,-3.23697627436448890e-18,
6.58675189243404957e-01,-3.62750875394060625e-07,-1.12846078408932193e+00,-5.41792797369004791e-18,1.05341365722434688e+00,4.29712426620392329e-01,7.50000000000000000e-01,-5.25684333040061680e-01,-6.47733540341039223e-18,
1.15620475449564594e-01,-3.25753057851488961e-02,-1.12572646674473065e+00,-5.51840989978153632e-18,7.65592491559654809e-01,2.06446747768453120e-03,7.50000000000000000e-01,-9.80360710544725289e-01,-1.38608577532565505e-17,
1.24248374855815677e-01,-2.75463235801739646e-03,-1.83285299992369814e-03,-7.84443261050848428e-18,8.71133587843610946e-01,9.87992603193147689e-02,7.50000000000000000e-01,-1.00436400364247014e+00,-2.33438571219341890e-17,
1.25000000000000000e-01,0.00000000000000000e+00,0.00000000000000000e+00,-1.50287289950322548e-25,8.81249999999999978e-01,1.00000000000000006e-01,7.50000000000000000e-01,-1.00000000000000000e+00,-4.74118841689198614e-25,
1.25000000000000000e-01,0.00000000000000000e+00,0.00000000000000000e+00,-9.06598523974693201e-43,8.81249999999999978e-01,1.00000000000000006e-01,7.50000000000000000e-01,-1.00000000000000000e+00,0.00000000000000000e+00,
1.25000000000000000e-01,0.00000000000000000e+00,0.00000000000000000e+00,-1.31647542812801145e-66,8.81249999999999978e-01,1.00000000000000006e-01,7.50000000000000000e-01,-1.00000000000000000e+00,0.00000000000000000e+00,
1.25000000000000000e-01,0.00000000000000000e+00,0.00000000000000000e+00,-1.32148649562494520e-90,8.81249999999999978e-01,1.00000000000000006e-01,7.50000000000000000e-01,-1.00000000000000000e+00,0.00000000000000000e+00,
1.25000000000000000e-01,0.00000000000000000e+00,0.00000000000000000e+00,-3.94741644922837997e-117,8.81249999999999978e-01,1.00000000000000006e-01,7.50000000000000000e-01,-1.00000000000000000e+00,0.00000000000000000e+00,
1.25000000000000000e-01,0.00000000000000000e+00,0.00000000000000000e+00,-3.03495453706872883e-143,8.81249999999999978e-01,1.00000000000000006e-01,7.50000000000000000e-01,-1.00000000000000000e+00,0.00000000000000000e+00,

16,9
1.00000000000000000e+00,0.00000000000000000e+00,0.00000000000000000e+00,2.89655951010740050e-148,1.78125000000000000e+00,1.00000000000000000e+00,7.50000000000000000e-01,1.00000000000000000e+00,4.41666874757957207e-148,
1.00000000000000000e+00,0.00000000000000000e+00,0.00000000000000000e+00,2.37527794614744557e-123,1.78125000000000000e+00,1.00000000000000000e+00,7.50000000000000000e-01,1.00000000000000000e+00,3.59196946812694688e-123,
1.00000000000000000e+00,0.00000000000000000e+00,0.00000000000000000e+00,1.11118107492537262e-100,1.78125000000000000e+00,1.00000000000000000e+00,7.50000000000000000e-01,1.00000000000000000e+00,1.84309817463316522e-100,
1.00000000000000000e+00,0.00000000000000000e+00,0.00000000000000000e+00,1.12170258782555949e-77,1.78125000000000000e+00,1.00000000000000000e+00,7.50000000000000000e-01,1.00000000000000000e+00,1.22736685622859474e-77,
1.00000000000000000e+00,0.00000000000000000e+00,0.00000000000000000e+00,3.19517861939954189e-57,1.78125000000000000e+00,1.00000000000000000e+00,7.50000000000000000e-01,1.00000000000000000e+00,6.02567054464022839e-57,
1.00000000000000000e+00,0.00000000000000000e+00,0.00000000000000000e+00,7.10708257687184628e-38,1.78125000000000000e+00,1.00000000000000000e+00,7.50000000000000000e-01,1.00000000000000000e+00,1.03297268589976852e-37,
1.00000000000000000e+00,1.56916829460773281e-14,2.91766018665482079e-17,4.40919948596609187e-20,1.78125000000000022e+00,1.00000000000000000e+00,7.50000000000000000e-01,1.00000000000000000e+00,1.79558263121107218e-18,
1.00000020239560716e+00,4.39985887535659870e-01,1.02675865447791974e-07,6.39433435635984458e-18,1.97234463574696806e+00,1.00000040479127095e+00,7.50000000000000000e-01,1.00000024536358478e+00,8.84499953512096397e-18,
7.07797019753777179e-01,4.28416931430461723e-01,-3.98612471496043608e-03,3.96057185526240047e-18,1.97248296255935385e+00,5.13227502602732422e-01,7.50000000000000000e-01,-5.31712111310993940e-01,8.41722900236581530e-18,
1.25364875003631471e-01,1.34710086945376110e-03,8.89089742327160595e-04,1.02612261401438101e-17,8.86219192999248784e-01,1.00584498419742985e-01,7.50000000000000000e-01,-9.90986064707410907e-01,3.27553504542109202e-18,
1.25000000000000000e-01,0.00000000000000000e+00,0.00000000000000000e+00,1.53124784090088963e-25,8.81249999999999978e-01,1.00000000000000006e-01,7.50000000000000000e-01,-1.00000000000000000e+00,4.73669523249996808e-25,
1.25000000000000000e-01,0.00000000000000000e+00,0.00000000000000000e+00,8.01358050537129339e-43,8.81249999999999978e-01,1.00000000000000006e-01,7.50000000000000000e-01,-1.00000000000000000e+00,0.00000000000000000e+00,
1.25000000000000000e-01,0.00000000000000000e+00,0.00000000000000000e+00,2.08127006665594761e-67,8.81249999999999978e-01,1.00000000000000006e-01,7.50000000000000000e-01,-1.00000000000000000e+00,0.00000000000000000e+00,
1.25000000000000000e-01,0.00000000000000000e+00,0.00000000000000000e+00,3.92019579511998727e-91,8.81249999999999978e-01,1.00000000000000006e-01,7.50000000000000000e-01,-1.00000000000000000e+00,0.00000000000000000e+00,
1.25000000000000000e-01,0.00000000000000000e+00,0.00000000000000000e+00,6.53818033867127261e-116,8.81249999999999978e-01,1.00000000000000006e-01,7.50000000000000000e-01,-1.00000000000000000e+00,0.00000000000000000e+00,
1.25000000000000000e-01,0.00000000000000000e+00,0.00000000000000000e+00,1.42340385168698816e-142,8.81249999999999978e-01,1.00000000000000006e-01,7.50000000000000000e-01,-1.00000000000000000e+00,0.00000000000000000e+00,

