1
1
9
0
(16 0
((0,0,0) (31,7,7) (0,0,0))
((32,0,0) (63,7,7) (0,0,0))
((64,0,0) (95,7,7) (0,0,0))
((96,0,0) (127,7,7) (0,0,0))
((128,0,0) (159,7,7) (0,0,0))
((160,0,0) (191,7,7) (0,0,0))
((192,0,0) (223,7,7) (0,0,0))
((224,0,0) (255,7,7) (0,0,0))
((256,0,0) (287,7,7) (0,0,0))
((288,0,0) (319,7,7) (0,0,0))
((320,0,0) (351,7,7) (0,0,0))
((352,0,0) (383,7,7) (0,0,0))
((384,0,0) (415,7,7) (0,0,0))
((416,0,0) (447,7,7) (0,0,0))
((448,0,0) (479,7,7) (0,0,0))
((480,0,0) (511,7,7) (0,0,0))
)
16
FabOnDisk: Cell_D_00000 1770548
FabOnDisk: Cell_D_00000 0
FabOnDisk: Cell_D_00000 147544
FabOnDisk: Cell_D_00000 1918091
FabOnDisk: Cell_D_00000 295088
FabOnDisk: Cell_D_00000 442634
FabOnDisk: Cell_D_00000 590180
FabOnDisk: Cell_D_00000 737726
FabOnDisk: Cell_D_00000 2065636
FabOnDisk: Cell_D_00000 885272
FabOnDisk: Cell_D_00000 1032818
FabOnDisk: Cell_D_00000 2213182
FabOnDisk: Cell_D_00000 1180364
FabOnDisk: Cell_D_00000 1327910
FabOnDisk: Cell_D_00000 1475456
FabOnDisk: Cell_D_00000 1623002

16,9
1.00000000000000000e+00,0.00000000000000000e+00,0.00000000000000000e+00,-1.74966336619273287e-147,1.78125000000000000e+00,1.00000000000000000e+00,7.50000000000000000e-01,1.00000000000000000e+00,-3.61015323274373244e-147,
1.00000000000000000e+00,0.00000000000000000e+00,0.00000000000000000e+00,-1.22977611581020040e-122,1.78125000000000000e+00,1.00000000000000000e+00,7.50000000000000000e-01,1.00000000000000000e+00,-1.83532058661695253e-122,
1.00000000000000000e+00,0.00000000000000000e+00,0.00000000000000000e+00,-1.02414282266369185e-98,1.78125000000000000e+00,1.00000000000000000e+00,7.50000000000000000e-01,1.00000000000000000e+00,-1.34378138279336718e-98,
1.00000000000000000e+00,0.00000000000000000e+00,0.00000000000000000e+00,-2.43537159699765912e-77,1.78125000000000000e+00,1.00000000000000000e+00,7.50000000000000000e-01,1.00000000000000000e+00,-3.49268524144092228e-77,
1.00000000000000000e+00,0.00000000000000000e+00,0.00000000000000000e+00,-1.26178941448618464e-57,1.78125000000000000e+00,1.00000000000000000e+00,7.50000000000000000e-01,1.00000000000000000e+00,-2.55682937921730394e-57,
1.00000000000000000e+00,0.00000000000000000e+00,0.00000000000000000e+00,-1.02555250726935708e-38,1.78125000000000000e+00,1.00000000000000000e+00,7.50000000000000000e-01,1.00000000000000000e+00,-1.70222329541330542e-38,
9.99999999999985345e-01,-8.83395190696402754e-16,-8.47690536621237190e-15,-5.80628768472272641e-19,1.78124999999995381e+00,9.99999999999971467e-01,7.50000000000000000e-01,9.99999999999979017e-01,-5.67196182290252753e-18,
6.64440603955341658e-01,-6.19917271814912990e-07,-1.14308734935433565e+00,-2.52597119934887282e-17,1.05574539342496765e+00,4.37189945776200406e-01,7.50000000000000000e-01,-5.40641686455295756e-01,-2.37319089247248489e-17,
1.15356100365981068e-01,-3.30311761433813716e-02,-1.13740076453194727e+00,-1.29580188848305463e-17,7.49490176250587892e-01,-2.96068081556434826e-02,7.50000000000000000e-01,-9.99119972819183078e-01,-4.23974457263791466e-17,
1.24951931507804703e-01,-1.76958766977948094e-04,-1.20809382146163605e-04,-2.31864299638690236e-17,8.80595993840094682e-01,9.99230973954385177e-02,7.50000000000000000e-01,-1.01778104871182129e+00,-3.32621087449119330e-17,
1.25000000000000000e-01,0.00000000000000000e+00,0.00000000000000000e+00,-4.30899671955933028e-26,8.81249999999999978e-01,1.00000000000000006e-01,7.50000000000000000e-01,-1.00000000000000000e+00,-1.29327942075118553e-25,
1.25000000000000000e-01,0.00000000000000000e+00,0.00000000000000000e+00,-8.06897972122952708e-43,8.81249999999999978e-01,1.00000000000000006e-01,7.50000000000000000e-01,-1.00000000000000000e+00,-2.73951977719457733e-41,
1.25000000000000000e-01,0.00000000000000000e+00,0.00000000000000000e+00,-1.17148159181821040e-58,8.81249999999999978e-01,1.00000000000000006e-01,7.50000000000000000e-01,-1.00000000000000000e+00,-4.00729114341582392e-59,
1.25000000000000000e-01,0.00000000000000000e+00,0.00000000000000000e+00,-1.30648998008087498e-76,8.81249999999999978e-01,1.00000000000000006e-01,7.50000000000000000e-01,-1.00000000000000000e+00,-5.39902793807848627e-77,
1.25000000000000000e-01,0.00000000000000000e+00,0.00000000000000000e+00,-1.66034939978766554e-95,8.81249999999999978e-01,1.00000000000000006e-01,7.50000000000000000e-01,-1.00000000000000000e+00,-7.85353837981953521e-96,
1.25000000000000000e-01,0.00000000000000000e+00,0.00000000000000000e+00,-8.29576420533250269e-116,8.81249999999999978e-01,1.00000000000000006e-01,7.50000000000000000e-01,-1.00000000000000000e+00,-5.78159628270406765e-115,

16,9
1.00000000000000000e+00,0.00000000000000000e+00,0.00000000000000000e+00,2.72198434000109004e-146,1.78125000000000000e+00,1.00000000000000000e+00,7.50000000000000000e-01,1.00000000000000000e+00,4.19843273659662538e-146,
1.00000000000000000e+00,0.00000000000000000e+00,0.00000000000000000e+00,1.74563639983453016e-122,1.78125000000000000e+00,1.00000000000000000e+00,7.50000000000000000e-01,1.00000000000000000e+00,1.20300216830026256e-122,
1.00000000000000000e+00,0.00000000000000000e+00,0.00000000000000000e+00,1.96063218650908461e-99,1.78125000000000000e+00,1.00000000000000000e+00,7.50000000000000000e-01,1.00000000000000000e+00,3.17961467901220864e-99,
1.00000000000000000e+00,0.00000000000000000e+00,0.00000000000000000e+00,4.32544014894157413e-77,1.78125000000000000e+00,1.00000000000000000e+00,7.50000000000000000e-01,1.00000000000000000e+00,4.07545646897580137e-77,
1.00000000000000000e+00,0.00000000000000000e+00,0.00000000000000000e+00,2.26593553769048530e-56,1.78125000000000000e+00,1.00000000000000000e+00,7.50000000000000000e-01,1.00000000000000000e+00,3.03120400229495217e-56,
1.00000000000000000e+00,0.00000000000000000e+00,0.00000000000000000e+00,8.16543174665811949e-38,1.78125000000000000e+00,1.00000000000000000e+00,7.50000000000000000e-01,1.00000000000000000e+00,9.67806935059182044e-38,
1.00000000000000022e+00,2.56260184982714268e-14,2.49822932963039263e-16,4.44971546967200873e-18,1.78125000000000155e+00,1.00000000000000067e+00,7.50000000000000000e-01,1.00000000000000067e+00,6.15566133064198970e-18,
1.00000034830076490e+00,4.43184846938445287e-01,1.79967618077344939e-07,2.70204720730524951e-17,1.98927157640633334e+00,1.00000069660164903e+00,7.50000000000000000e-01,1.00000043136470973e+00,3.43123624431023440e-17,
7.06864373791883938e-01,4.20637264602479688e-01,-1.78341004709819224e-04,1.62383032145504549e-17,1.96697061841184184e+00,5.08365387867917518e-01,7.50000000000000000e-01,-5.21749587977733409e-01,5.18510654672888323e-17,
1.26490913348331457e-01,5.54360252850189320e-03,3.63298466008928067e-03,1.85284842572413687e-17,9.01761953161023255e-01,1.02396501254408495e-01,7.50000000000000000e-01,-9.99418037853708752e-01,2.58072033906902868e-17,
1.25000000000000000e-01,0.00000000000000000e+00,0.00000000000000000e+00,4.49575589062406448e-26,8.81249999999999978e-01,1.00000000000000006e-01,7.50000000000000000e-01,-1.00000000000000000e+00,1.39145135094226453e-25,
1.25000000000000000e-01,0.00000000000000000e+00,0.00000000000000000e+00,8.02237130141958410e-42,8.81249999999999978e-01,1.00000000000000006e-01,7.50000000000000000e-01,-1.00000000000000000e+00,2.70598373869462037e-42,
1.25000000000000000e-01,0.00000000000000000e+00,0.00000000000000000e+00,1.20644618486748665e-59,8.81249999999999978e-01,1.00000000000000006e-01,7.50000000000000000e-01,-1.00000000000000000e+00,3.99657034571473585e-58,
1.25000000000000000e-01,0.00000000000000000e+00,0.00000000000000000e+00,1.57461438792682828e-77,8.81249999999999978e-01,1.00000000000000006e-01,7.50000000000000000e-01,-1.00000000000000000e+00,4.74731618904144788e-76,
1.25000000000000000e-01,0.00000000000000000e+00,0.00000000000000000e+00,2.14157199260886218e-96,8.81249999999999978e-01,1.00000000000000006e-01,7.50000000000000000e-01,-1.00000000000000000e+00,5.43070578371001888e-95,
1.25000000000000000e-01,0.00000000000000000e+00,0.00000000000000000e+00,1.83197450062924499e-115,8.81249999999999978e-01,1.00000000000000006e-01,7.50000000000000000e-01,-1.00000000000000000e+00,2.86041632196787166e-115,

