1
1
1
0
(16 0
((0,0,0) (31,7,8) (0,0,1))
((32,0,0) (63,7,8) (0,0,1))
((64,0,0) (95,7,8) (0,0,1))
((96,0,0) (127,7,8) (0,0,1))
((128,0,0) (159,7,8) (0,0,1))
((160,0,0) (191,7,8) (0,0,1))
((192,0,0) (223,7,8) (0,0,1))
((224,0,0) (255,7,8) (0,0,1))
((256,0,0) (287,7,8) (0,0,1))
((288,0,0) (319,7,8) (0,0,1))
((320,0,0) (351,7,8) (0,0,1))
((352,0,0) (383,7,8) (0,0,1))
((384,0,0) (415,7,8) (0,0,1))
((416,0,0) (447,7,8) (0,0,1))
((448,0,0) (479,7,8) (0,0,1))
((480,0,0) (511,7,8) (0,0,1))
)
16
FabOnDisk: Cell_D_00000 222260
FabOnDisk: Cell_D_00000 0
FabOnDisk: Cell_D_00000 18520
FabOnDisk: Cell_D_00000 240779
FabOnDisk: Cell_D_00000 37040
FabOnDisk: Cell_D_00000 55562
FabOnDisk: Cell_D_00000 74084
FabOnDisk: Cell_D_00000 92606
FabOnDisk: Cell_D_00000 259300
FabOnDisk: Cell_D_00000 111128
FabOnDisk: Cell_D_00000 129650
FabOnDisk: Cell_D_00000 277822
FabOnDisk: Cell_D_00000 148172
FabOnDisk: Cell_D_00000 166694
FabOnDisk: Cell_D_00000 185216
FabOnDisk: Cell_D_00000 203738

16,1
-1.93985021944091770e-94,
-1.08542024822177473e-76,
-7.32516481030634896e-61,
-1.96317297748745271e-44,
-1.81623727060716370e-28,
-3.90665535544853764e-17,
-4.16422907020855071e-17,
-6.97367518367513328e-17,
-5.48972406623632317e-17,
-5.14874905033083152e-17,
-8.99752713296687004e-17,
-6.62406917664923341e-17,
-3.73858755105665295e-17,
-1.69033789224147765e-22,
-5.26626996224487527e-35,
-8.09326674508119963e-49,

16,1
2.86319155298475100e-95,
9.04767277515716394e-78,
2.44209265101817413e-60,
1.51808881673166645e-44,
1.85017381174078154e-28,
3.65419171707172535e-17,
4.37542104563711229e-17,
6.10911918115989459e-17,
6.24716812262840190e-17,
5.67672933752512721e-17,
5.39277253953922822e-17,
7.48339943603445996e-17,
4.16486792164920274e-17,
4.87941914550784489e-18,
9.49617543612755655e-35,
4.11810007183208753e-48,

