1
1
9
0
(16 0
((0,0,0) (31,7,7) (0,0,0))
((32,0,0) (63,7,7) (0,0,0))
((64,0,0) (95,7,7) (0,0,0))
((96,0,0) (127,7,7) (0,0,0))
((128,0,0) (159,7,7) (0,0,0))
((160,0,0) (191,7,7) (0,0,0))
((192,0,0) (223,7,7) (0,0,0))
((224,0,0) (255,7,7) (0,0,0))
((256,0,0) (287,7,7) (0,0,0))
((288,0,0) (319,7,7) (0,0,0))
((320,0,0) (351,7,7) (0,0,0))
((352,0,0) (383,7,7) (0,0,0))
((384,0,0) (415,7,7) (0,0,0))
((416,0,0) (447,7,7) (0,0,0))
((448,0,0) (479,7,7) (0,0,0))
((480,0,0) (511,7,7) (0,0,0))
)
16
FabOnDisk: Cell_D_00000 1770548
FabOnDisk: Cell_D_00000 0
FabOnDisk: Cell_D_00000 147544
FabOnDisk: Cell_D_00000 1918091
FabOnDisk: Cell_D_00000 295088
FabOnDisk: Cell_D_00000 442634
FabOnDisk: Cell_D_00000 590180
FabOnDisk: Cell_D_00000 737726
FabOnDisk: Cell_D_00000 2065636
FabOnDisk: Cell_D_00000 885272
FabOnDisk: Cell_D_00000 1032818
FabOnDisk: Cell_D_00000 2213182
FabOnDisk: Cell_D_00000 1180364
FabOnDisk: Cell_D_00000 1327910
FabOnDisk: Cell_D_00000 1475456
FabOnDisk: Cell_D_00000 1623002

16,9
1.00000000000000000e+00,0.00000000000000000e+00,0.00000000000000000e+00,0.00000000000000000e+00,1.78125000000000000e+00,1.00000000000000000e+00,7.50000000000000000e-01,1.00000000000000000e+00,0.00000000000000000e+00,
1.00000000000000000e+00,0.00000000000000000e+00,0.00000000000000000e+00,0.00000000000000000e+00,1.78125000000000000e+00,1.00000000000000000e+00,7.50000000000000000e-01,1.00000000000000000e+00,0.00000000000000000e+00,
1.00000000000000000e+00,0.00000000000000000e+00,0.00000000000000000e+00,0.00000000000000000e+00,1.78125000000000000e+00,1.00000000000000000e+00,7.50000000000000000e-01,1.00000000000000000e+00,0.00000000000000000e+00,
1.00000000000000000e+00,0.00000000000000000e+00,0.00000000000000000e+00,0.00000000000000000e+00,1.78125000000000000e+00,1.00000000000000000e+00,7.50000000000000000e-01,1.00000000000000000e+00,0.00000000000000000e+00,
1.00000000000000000e+00,0.00000000000000000e+00,0.00000000000000000e+00,0.00000000000000000e+00,1.78125000000000000e+00,1.00000000000000000e+00,7.50000000000000000e-01,1.00000000000000000e+00,0.00000000000000000e+00,
9.99999999999936273e-01,0.00000000000000000e+00,-3.19347541385311806e-14,0.00000000000000000e+00,1.78124999999979639e+00,9.99999999999872879e-01,7.50000000000000000e-01,9.99999999999922951e-01,0.00000000000000000e+00,
8.04663851903424487e-01,-2.43108381080644433e-07,-9.64616721295113305e-02,0.00000000000000000e+00,1.27565525547307868e+00,6.47139158034674811e-01,7.50000000000000000e-01,7.56690156874963660e-01,0.00000000000000000e+00,
6.73795215429618621e-01,3.11437700316060773e-01,-1.11883006830990839e+00,0.00000000000000000e+00,1.06197433288630716e+00,4.53477222214653031e-01,7.50000000000000000e-01,-5.41802840003416941e-01,0.00000000000000000e+00,
2.29500613707415674e-01,1.36455334600980915e-01,-1.12102604179547827e+00,0.00000000000000000e+00,1.26748181248725911e+00,6.51980370927253694e-02,7.50000000000000000e-01,-5.38638082435533572e-01,0.00000000000000000e+00,
1.16583228774861103e-01,-2.94209422228880434e-02,-3.72327033961338927e-01,0.00000000000000000e+00,7.76456728943873742e-01,8.69701875769554739e-02,7.50000000000000000e-01,-9.06981293156997270e-01,0.00000000000000000e+00,
1.15710069568729687e-01,-3.22899616952216501e-02,-2.26739685096225413e-02,0.00000000000000000e+00,7.66602137925705973e-01,8.56770711593390910e-02,7.50000000000000000e-01,-9.86728188792336147e-01,0.00000000000000000e+00,
1.24485694093800420e-01,-1.88809579729334680e-03,-1.25444836309896259e-03,0.00000000000000000e+00,8.74308976087678658e-01,9.91772192324609780e-02,7.50000000000000000e-01,-1.00812184734225996e+00,0.00000000000000000e+00,
1.25000000000000000e-01,0.00000000000000000e+00,0.00000000000000000e+00,0.00000000000000000e+00,8.81249999999999978e-01,9.99999999999999778e-02,7.50000000000000000e-01,-1.00000000000000000e+00,0.00000000000000000e+00,
1.25000000000000000e-01,0.00000000000000000e+00,0.00000000000000000e+00,0.00000000000000000e+00,8.81249999999999978e-01,1.00000000000000006e-01,7.50000000000000000e-01,-1.00000000000000000e+00,0.00000000000000000e+00,
1.25000000000000000e-01,0.00000000000000000e+00,0.00000000000000000e+00,0.00000000000000000e+00,8.81249999999999978e-01,1.00000000000000006e-01,7.50000000000000000e-01,-1.00000000000000000e+00,0.00000000000000000e+00,
1.25000000000000000e-01,0.00000000000000000e+00,0.00000000000000000e+00,0.00000000000000000e+00,8.81249999999999978e-01,1.00000000000000006e-01,7.50000000000000000e-01,-1.00000000000000000e+00,0.00000000000000000e+00,

16,9
1.00000000000000000e+00,0.00000000000000000e+00,0.00000000000000000e+00,0.00000000000000000e+00,1.78125000000000000e+00,1.00000000000000000e+00,7.50000000000000000e-01,1.00000000000000000e+00,0.00000000000000000e+00,
1.00000000000000000e+00,0.00000000000000000e+00,0.00000000000000000e+00,0.00000000000000000e+00,1.78125000000000000e+00,1.00000000000000000e+00,7.50000000000000000e-01,1.00000000000000000e+00,0.00000000000000000e+00,
1.00000000000000000e+00,0.00000000000000000e+00,0.00000000000000000e+00,0.00000000000000000e+00,1.78125000000000000e+00,1.00000000000000000e+00,7.50000000000000000e-01,1.00000000000000000e+00,0.00000000000000000e+00,
1.00000000000000000e+00,0.00000000000000000e+00,0.00000000000000000e+00,0.00000000000000000e+00,1.78125000000000000e+00,1.00000000000000000e+00,7.50000000000000000e-01,1.00000000000000000e+00,0.00000000000000000e+00,
1.00000000000000000e+00,0.00000000000000000e+00,0.00000000000000000e+00,0.00000000000000000e+00,1.78125000000000000e+00,1.00000000000000000e+00,7.50000000000000000e-01,1.00000000000000000e+00,0.00000000000000000e+00,
1.00000000000000000e+00,1.13705878119759687e-13,0.00000000000000000e+00,0.00000000000000000e+00,1.78125000000000000e+00,1.00000000000000000e+00,7.50000000000000000e-01,1.00000000000000000e+00,0.00000000000000000e+00,
1.00000013564172718e+00,2.97000593500218235e-01,6.88100202222766905e-08,0.00000000000000000e+00,1.78125043571926600e+00,1.00000027128346947e+00,7.50000000000000000e-01,1.00000016443619044e+00,0.00000000000000000e+00,
8.25935094226631916e-01,4.32715591379234710e-01,-1.02150087509249490e-01,0.00000000000000000e+00,1.94760769370493603e+00,6.73100548090800666e-01,7.50000000000000000e-01,7.41403650455678798e-01,0.00000000000000000e+00,
7.07833443849267163e-01,4.27999388982782170e-01,-3.64803782440432212e-01,0.00000000000000000e+00,1.96158220681867124e+00,4.85301984785328877e-01,7.50000000000000000e-01,-5.28039433895112542e-01,0.00000000000000000e+00,
2.35361741188606144e-01,1.40794728725130242e-01,-1.86404074047651185e-02,0.00000000000000000e+00,1.27774968824939483e+00,4.08243869592941344e-01,7.50000000000000000e-01,-5.32436791552904576e-01,0.00000000000000000e+00,
1.23894072445098549e-01,-4.04623491807433542e-03,-2.69627339685986995e-03,0.00000000000000000e+00,8.66407728958457746e-01,9.82360046430823808e-02,7.50000000000000000e-01,-8.86493387877899996e-01,0.00000000000000000e+00,
1.25679527064283675e-01,2.51339024161213471e-03,1.65587569026743957e-03,0.00000000000000000e+00,8.90532071120162638e-01,1.01089807853168942e-01,7.50000000000000000e-01,-9.93832858754108428e-01,0.00000000000000000e+00,
1.25000000000000000e-01,4.87425443241405017e-18,0.00000000000000000e+00,0.00000000000000000e+00,8.81249999999999978e-01,1.00000000000000006e-01,7.50000000000000000e-01,-1.00000000000000000e+00,0.00000000000000000e+00,
1.25000000000000000e-01,0.00000000000000000e+00,0.00000000000000000e+00,0.00000000000000000e+00,8.81249999999999978e-01,1.00000000000000006e-01,7.50000000000000000e-01,-1.00000000000000000e+00,0.00000000000000000e+00,
1.25000000000000000e-01,0.00000000000000000e+00,0.00000000000000000e+00,0.00000000000000000e+00,8.81249999999999978e-01,1.00000000000000006e-01,7.50000000000000000e-01,-1.00000000000000000e+00,0.00000000000000000e+00,
1.25000000000000000e-01,0.00000000000000000e+00,0.00000000000000000e+00,0.00000000000000000e+00,8.81249999999999978e-01,1.00000000000000006e-01,7.50000000000000000e-01,-1.00000000000000000e+00,0.00000000000000000e+00,

