1
1
1
0
(16 0
((0,0,0) (31,7,8) (0,0,1))
((32,0,0) (63,7,8) (0,0,1))
((64,0,0) (95,7,8) (0,0,1))
((96,0,0) (127,7,8) (0,0,1))
((128,0,0) (159,7,8) (0,0,1))
((160,0,0) (191,7,8) (0,0,1))
((192,0,0) (223,7,8) (0,0,1))
((224,0,0) (255,7,8) (0,0,1))
((256,0,0) (287,7,8) (0,0,1))
((288,0,0) (319,7,8) (0,0,1))
((320,0,0) (351,7,8) (0,0,1))
((352,0,0) (383,7,8) (0,0,1))
((384,0,0) (415,7,8) (0,0,1))
((416,0,0) (447,7,8) (0,0,1))
((448,0,0) (479,7,8) (0,0,1))
((480,0,0) (511,7,8) (0,0,1))
)
16
FabOnDisk: Cell_D_00000 222260
FabOnDisk: Cell_D_00000 0
FabOnDisk: Cell_D_00000 18520
FabOnDisk: Cell_D_00000 240779
FabOnDisk: Cell_D_00000 37040
FabOnDisk: Cell_D_00000 55562
FabOnDisk: Cell_D_00000 74084
FabOnDisk: Cell_D_00000 92606
FabOnDisk: Cell_D_00000 259300
FabOnDisk: Cell_D_00000 111128
FabOnDisk: Cell_D_00000 129650
FabOnDisk: Cell_D_00000 277822
FabOnDisk: Cell_D_00000 148172
FabOnDisk: Cell_D_00000 166694
FabOnDisk: Cell_D_00000 185216
FabOnDisk: Cell_D_00000 203738

16,1
-5.82051587016175354e-94,
-2.33372732273374657e-76,
-5.96954763097685394e-61,
-1.13828984249091396e-43,
-1.43980411898861097e-27,
-5.99725674756440156e-18,
-7.67493672336660991e-18,
-1.17661091444968164e-17,
-1.21393780590577776e-17,
-1.54038777378881762e-17,
-1.54448321945156020e-17,
-2.23775412839005348e-17,
-2.67619608650518102e-17,
-1.47990456226107183e-21,
-1.41456495107124551e-21,
-1.09380833680485552e-18,

16,1
2.21623631394641143e-93,
7.10821900255086960e-76,
6.05367276297783752e-60,
1.34981390196436838e-43,
1.70609671130730106e-26,
5.07848881314286439e-18,
7.83989661251539919e-18,
1.75856850333627272e-17,
7.67356680010402373e-18,
1.12141951384199772e-17,
7.14250900319256840e-18,
9.65644192909794913e-18,
-1.40180028988434727e-21,
1.95656466333726280e-21,
1.31049351092323544e-21,
3.86983325169569759e-19,

