HyperCLaw-V1.1
9
gasDensity
x-GasMomentum
y-GasMomentum
z-GasMomentum
gasEnergy
gasInternalEnergy
x-BField
y-BField
z-BField
3
0.051584771240621517
0
0 0 0 
1 1 1 

((0,0,0) (511,7,7) (0,0,0)) 
300 
0.001953125 0.125 0.125 
0
0
0 16 0.051584771240621517
300
0 0.0625
0 1
0 1
0.0625 0.125
0 1
0 1
0.125 0.1875
0 1
0 1
0.1875 0.25
0 1
0 1
0.25 0.3125
0 1
0 1
0.3125 0.375
0 1
0 1
0.375 0.4375
0 1
0 1
0.4375 0.5
0 1
0 1
0.5 0.5625
0 1
0 1
0.5625 0.625
0 1
0 1
0.625 0.6875
0 1
0 1
0.6875 0.75
0 1
0 1
0.75 0.8125
0 1
0 1
0.8125 0.875
0 1
0 1
0.875 0.9375
0 1
0 1
0.9375 1
0 1
0 1
Level_0/Cell
