1
1
9
0
(16 0
((0,0,0) (31,7,7) (0,0,0))
((32,0,0) (63,7,7) (0,0,0))
((64,0,0) (95,7,7) (0,0,0))
((96,0,0) (127,7,7) (0,0,0))
((128,0,0) (159,7,7) (0,0,0))
((160,0,0) (191,7,7) (0,0,0))
((192,0,0) (223,7,7) (0,0,0))
((224,0,0) (255,7,7) (0,0,0))
((256,0,0) (287,7,7) (0,0,0))
((288,0,0) (319,7,7) (0,0,0))
((320,0,0) (351,7,7) (0,0,0))
((352,0,0) (383,7,7) (0,0,0))
((384,0,0) (415,7,7) (0,0,0))
((416,0,0) (447,7,7) (0,0,0))
((448,0,0) (479,7,7) (0,0,0))
((480,0,0) (511,7,7) (0,0,0))
)
16
FabOnDisk: Cell_D_00000 1770548
FabOnDisk: Cell_D_00000 0
FabOnDisk: Cell_D_00000 147544
FabOnDisk: Cell_D_00000 1918091
FabOnDisk: Cell_D_00000 295088
FabOnDisk: Cell_D_00000 442634
FabOnDisk: Cell_D_00000 590180
FabOnDisk: Cell_D_00000 737726
FabOnDisk: Cell_D_00000 2065636
FabOnDisk: Cell_D_00000 885272
FabOnDisk: Cell_D_00000 1032818
FabOnDisk: Cell_D_00000 2213182
FabOnDisk: Cell_D_00000 1180364
FabOnDisk: Cell_D_00000 1327910
FabOnDisk: Cell_D_00000 1475456
FabOnDisk: Cell_D_00000 1623002

16,9
1.00000000000000000e+00,0.00000000000000000e+00,0.00000000000000000e+00,-1.65902319295740284e-84,1.78125000000000000e+00,1.00000000000000000e+00,7.50000000000000000e-01,1.00000000000000000e+00,-2.13466650555615711e-84,
1.00000000000000000e+00,0.00000000000000000e+00,0.00000000000000000e+00,-2.66599658044021795e-69,1.78125000000000000e+00,1.00000000000000000e+00,7.50000000000000000e-01,1.00000000000000000e+00,-3.23358377781886474e-69,
1.00000000000000000e+00,0.00000000000000000e+00,0.00000000000000000e+00,-1.05197729532353390e-51,1.78125000000000000e+00,1.00000000000000000e+00,7.50000000000000000e-01,1.00000000000000000e+00,-1.39460206065251195e-51,
1.00000000000000000e+00,0.00000000000000000e+00,0.00000000000000000e+00,-2.59362993953819441e-35,1.78125000000000000e+00,1.00000000000000000e+00,7.50000000000000000e-01,1.00000000000000000e+00,-3.39004228878048234e-35,
9.99999999999721001e-01,-2.10751673751925225e-11,-1.38553378860132795e-13,-2.27895845085816140e-17,1.78124999999910538e+00,9.99999999999443001e-01,7.50000000000000000e-01,9.99999999999679368e-01,-2.26714504756622191e-17,
8.82661582661364630e-01,-5.53576867755968199e-08,-5.85398319866937134e-02,-4.18759233119598215e-17,1.44914540166482775e+00,7.78960089951474033e-01,7.50000000000000000e-01,8.55680240643953094e-01,-3.47161201725370772e-17,
6.76310381589074416e-01,2.02615677863237698e-01,-1.57827903061489833e-01,-3.15363913175924986e-17,1.06523249139808351e+00,4.57070332855554873e-01,7.50000000000000000e-01,5.84976474378257727e-01,-3.33440684510647505e-17,
6.76974043930729685e-01,3.71550905870148884e-01,-1.12123269183851426e+00,-3.98940787103326334e-17,1.06568947809594228e+00,4.57821330074609012e-01,7.50000000000000000e-01,-5.46406310273104046e-01,-5.59912254412211579e-17,
2.28896337951599665e-01,1.34740550365359840e-01,-1.12197938860269697e+00,-3.50424400172751754e-17,1.26609721960768451e+00,9.65687824155905816e-02,7.50000000000000000e-01,-5.41739943194256113e-01,-3.42318985749502189e-17,
1.75442048818174462e-01,2.96935232106900759e-02,-3.78523491009781554e-01,-3.05984415237510390e-17,8.74316238575136184e-01,1.97556288567407284e-01,7.50000000000000000e-01,-7.50497008025154511e-01,-5.53709584299644374e-17,
1.15257149043379886e-01,-3.15272362983431906e-02,-4.52470568783696486e-02,-1.89279608359211028e-17,7.50704164544342301e-01,8.51573798814007910e-02,7.50000000000000000e-01,-9.05959398291797835e-01,-5.67855259317220240e-17,
1.16379098243819035e-01,-3.00743578394491902e-02,-2.10272858534692013e-02,-1.57114369088465091e-17,7.74157460036518308e-01,8.66654680858190418e-02,7.50000000000000000e-01,-9.10344109906365273e-01,-7.57386899470526182e-17,
1.15389754445890377e-01,-3.33325752035498538e-02,-2.34557501734512300e-02,-1.58268053044297760e-17,7.63062769098615701e-01,8.52047291341153229e-02,7.50000000000000000e-01,-9.92434132190995411e-01,-6.79711018970470075e-17,
1.24774765646090885e-01,-8.28554921673403297e-04,-5.50027172472664972e-04,-8.88052949435418422e-18,8.78200224127487994e-01,9.96398543178661361e-02,7.50000000000000000e-01,-1.01344880590690334e+00,-2.91724146153292891e-17,
1.24999999999999986e-01,-8.28379939862590561e-17,-8.77271614928164807e-17,-7.69440525846152910e-18,8.81249999999999645e-01,9.99999999999999362e-02,7.50000000000000000e-01,-1.00000000000001288e+00,-2.00428704264348714e-17,
1.25000000000000000e-01,0.00000000000000000e+00,0.00000000000000000e+00,-1.94336679265919376e-33,8.81249999999999978e-01,1.00000000000000006e-01,7.50000000000000000e-01,-1.00000000000000000e+00,-4.42086493311395866e-32,

16,9
1.00000000000000000e+00,0.00000000000000000e+00,0.00000000000000000e+00,1.62621037027375920e-85,1.78125000000000000e+00,1.00000000000000000e+00,7.50000000000000000e-01,1.00000000000000000e+00,2.05170057438986056e-85,
1.00000000000000000e+00,0.00000000000000000e+00,0.00000000000000000e+00,2.80299438633560674e-68,1.78125000000000000e+00,1.00000000000000000e+00,7.50000000000000000e-01,1.00000000000000000e+00,3.48901794195899773e-68,
1.00000000000000000e+00,0.00000000000000000e+00,0.00000000000000000e+00,1.28200189955955392e-52,1.78125000000000000e+00,1.00000000000000000e+00,7.50000000000000000e-01,1.00000000000000000e+00,1.68487850656915138e-52,
1.00000000000000000e+00,0.00000000000000000e+00,0.00000000000000000e+00,6.94060778880617699e-35,1.78125000000000000e+00,1.00000000000000000e+00,7.50000000000000000e-01,1.00000000000000000e+00,8.55123515758655464e-35,
1.00000000001170597e+00,4.99100279791078698e-13,6.73828624873522813e-12,1.18086401426449930e-17,1.78125000003786282e+00,1.00000000002341194e+00,7.50000000000000000e-01,1.00000000001749334e+00,9.65068575237218739e-18,
1.00000003096114876e+00,1.91413753816253640e-01,1.47632311532621154e-08,2.53371137975556735e-17,1.78125009894474440e+00,1.00000006192229640e+00,7.50000000000000000e-01,1.00000003585199049e+00,4.32699095175923735e-17,
8.74967117625271573e-01,4.30604619746189743e-01,-6.23110056946560090e-02,4.69049417031067335e-17,1.43040584259824843e+00,7.65427747769240385e-01,7.50000000000000000e-01,8.46045876853192880e-01,3.54484299620290316e-17,
8.20027445176277681e-01,4.36279634334065580e-01,-1.55793097563556776e-01,2.89538516251546772e-17,1.96821809358283506e+00,6.64221882958895837e-01,7.50000000000000000e-01,5.90914712306489509e-01,5.86504547614438335e-17,
7.11305250954473500e-01,4.30898812030825695e-01,-3.63918637929869004e-01,4.05999732913573064e-17,1.96307732053783934e+00,4.97914833349067498e-01,7.50000000000000000e-01,-5.27369394604501385e-01,3.23239944882333803e-17,
2.41144009102646745e-01,1.44575900301103816e-01,-1.78250695435930917e-01,3.49218011831827771e-17,1.29789751780656593e+00,3.78754645778728471e-01,7.50000000000000000e-01,-5.25109643249156655e-01,5.22906509021946609e-17,
1.28477763588774940e-01,-2.56667830500051132e-02,-1.81551917149070270e-02,1.80673392020418444e-17,7.84308370310989766e-01,1.03512875818433756e-01,7.50000000000000000e-01,-8.71368842115068931e-01,5.34408610518352052e-17,
1.17629258675364487e-01,-2.59314043234590667e-02,-1.79854732665626176e-02,1.51069201152023380e-17,7.88410088713058399e-01,8.85420397539998794e-02,7.50000000000000000e-01,-8.94902699258291134e-01,9.41855623387476416e-17,
1.24368673103872812e-01,-2.31717779750093824e-03,-1.53745984832472961e-03,1.58671414555394125e-17,8.72738822515170209e-01,9.89894862880223714e-02,7.50000000000000000e-01,-8.82471641044825117e-01,9.22758532222564545e-17,
1.26128563167955399e-01,4.18384044644055410e-03,2.74542176197274754e-03,1.24132871869395629e-17,8.96720680809340753e-01,1.01812394748648186e-01,7.50000000000000000e-01,-9.97289853556072026e-01,3.59375280610436502e-17,
1.25000000000000916e-01,3.48850144249107239e-15,2.42639921958380397e-15,4.61977849788901242e-18,8.81250000000012856e-01,1.00000000000001477e-01,7.50000000000000000e-01,-9.99999999999999445e-01,3.43847663570344554e-17,
1.25000000000000000e-01,0.00000000000000000e+00,0.00000000000000000e+00,1.54792591425184562e-32,8.81249999999999978e-01,1.00000000000000006e-01,7.50000000000000000e-01,-1.00000000000000000e+00,5.79887252102861118e-33,

