1
1
1
0
(16 0
((0,0,0) (31,8,7) (0,1,0))
((32,0,0) (63,8,7) (0,1,0))
((64,0,0) (95,8,7) (0,1,0))
((96,0,0) (127,8,7) (0,1,0))
((128,0,0) (159,8,7) (0,1,0))
((160,0,0) (191,8,7) (0,1,0))
((192,0,0) (223,8,7) (0,1,0))
((224,0,0) (255,8,7) (0,1,0))
((256,0,0) (287,8,7) (0,1,0))
((288,0,0) (319,8,7) (0,1,0))
((320,0,0) (351,8,7) (0,1,0))
((352,0,0) (383,8,7) (0,1,0))
((384,0,0) (415,8,7) (0,1,0))
((416,0,0) (447,8,7) (0,1,0))
((448,0,0) (479,8,7) (0,1,0))
((480,0,0) (511,8,7) (0,1,0))
)
16
FabOnDisk: Cell_D_00000 222260
FabOnDisk: Cell_D_00000 0
FabOnDisk: Cell_D_00000 18520
FabOnDisk: Cell_D_00000 240779
FabOnDisk: Cell_D_00000 37040
FabOnDisk: Cell_D_00000 55562
FabOnDisk: Cell_D_00000 74084
FabOnDisk: Cell_D_00000 92606
FabOnDisk: Cell_D_00000 259300
FabOnDisk: Cell_D_00000 111128
FabOnDisk: Cell_D_00000 129650
FabOnDisk: Cell_D_00000 277822
FabOnDisk: Cell_D_00000 148172
FabOnDisk: Cell_D_00000 166694
FabOnDisk: Cell_D_00000 185216
FabOnDisk: Cell_D_00000 203738

16,1
1.00000000000000000e+00,
1.00000000000000000e+00,
1.00000000000000000e+00,
1.00000000000000000e+00,
9.99936358110668499e-01,
7.66818262550355789e-01,
5.85197919402080546e-01,
-5.46831863450341071e-01,
-5.43174323894074718e-01,
-5.40246706398387899e-01,
-9.08969286881844751e-01,
-9.06094297956806738e-01,
-9.10007528510512365e-01,
-1.01242465812192228e+00,
-1.01270990409579387e+00,
-1.00000000000000000e+00,

16,1
1.00000000000000000e+00,
1.00000000000000000e+00,
1.00000000000000000e+00,
1.00000000000000000e+00,
1.00000001854912335e+00,
9.99936213507363503e-01,
7.58697158837333241e-01,
5.89764671597436840e-01,
-5.26864223508360152e-01,
-5.24491084341891400e-01,
-5.26579617748188289e-01,
-8.97007165552542340e-01,
-8.82462422176548467e-01,
-8.94385412390358403e-01,
-9.97044524260946807e-01,
-1.00000000000000000e+00,

