1
1
9
0
(16 0
((0,0,0) (31,7,7) (0,0,0))
((32,0,0) (63,7,7) (0,0,0))
((64,0,0) (95,7,7) (0,0,0))
((96,0,0) (127,7,7) (0,0,0))
((128,0,0) (159,7,7) (0,0,0))
((160,0,0) (191,7,7) (0,0,0))
((192,0,0) (223,7,7) (0,0,0))
((224,0,0) (255,7,7) (0,0,0))
((256,0,0) (287,7,7) (0,0,0))
((288,0,0) (319,7,7) (0,0,0))
((320,0,0) (351,7,7) (0,0,0))
((352,0,0) (383,7,7) (0,0,0))
((384,0,0) (415,7,7) (0,0,0))
((416,0,0) (447,7,7) (0,0,0))
((448,0,0) (479,7,7) (0,0,0))
((480,0,0) (511,7,7) (0,0,0))
)
16
FabOnDisk: Cell_D_00000 1770548
FabOnDisk: Cell_D_00000 0
FabOnDisk: Cell_D_00000 147544
FabOnDisk: Cell_D_00000 1918091
FabOnDisk: Cell_D_00000 295088
FabOnDisk: Cell_D_00000 442634
FabOnDisk: Cell_D_00000 590180
FabOnDisk: Cell_D_00000 737726
FabOnDisk: Cell_D_00000 2065636
FabOnDisk: Cell_D_00000 885272
FabOnDisk: Cell_D_00000 1032818
FabOnDisk: Cell_D_00000 2213182
FabOnDisk: Cell_D_00000 1180364
FabOnDisk: Cell_D_00000 1327910
FabOnDisk: Cell_D_00000 1475456
FabOnDisk: Cell_D_00000 1623002

16,9
1.00000000000000000e+00,0.00000000000000000e+00,0.00000000000000000e+00,-2.76459500505647924e-120,1.78125000000000000e+00,1.00000000000000000e+00,7.50000000000000000e-01,1.00000000000000000e+00,-3.82594246676055684e-120,
1.00000000000000000e+00,0.00000000000000000e+00,0.00000000000000000e+00,-8.72343368461554812e-101,1.78125000000000000e+00,1.00000000000000000e+00,7.50000000000000000e-01,1.00000000000000000e+00,-1.15744570490780529e-100,
1.00000000000000000e+00,0.00000000000000000e+00,0.00000000000000000e+00,-3.12839333251567421e-81,1.78125000000000000e+00,1.00000000000000000e+00,7.50000000000000000e-01,1.00000000000000000e+00,-4.48716000917742701e-81,
1.00000000000000000e+00,0.00000000000000000e+00,0.00000000000000000e+00,-2.07775843284777964e-62,1.78125000000000000e+00,1.00000000000000000e+00,7.50000000000000000e-01,1.00000000000000000e+00,-2.65083316134707622e-62,
1.00000000000000000e+00,0.00000000000000000e+00,0.00000000000000000e+00,-7.51828499379826326e-45,1.78125000000000000e+00,1.00000000000000000e+00,7.50000000000000000e-01,1.00000000000000000e+00,-1.08220982950501331e-44,
1.00000000000000000e+00,0.00000000000000000e+00,0.00000000000000000e+00,-8.35399179281049147e-28,1.78125000000000000e+00,1.00000000000000000e+00,7.50000000000000000e-01,1.00000000000000000e+00,-1.11659276255832525e-27,
9.92278139836494821e-01,-2.09947156829685240e-07,-3.91611749037398208e-03,-7.49160418970529576e-18,1.75666951808581651e+00,9.84607667310325008e-01,7.50000000000000000e-01,9.90628585229861303e-01,-4.20341725362155869e-18,
6.72239620181676267e-01,3.52077588092299457e-02,-1.10525310579944613e+00,-4.71177795180146053e-18,1.06029658605711097e+00,4.51021116817276968e-01,7.50000000000000000e-01,-5.42823228499627497e-01,-7.38758161931302065e-18,
1.16631442309420214e-01,-2.92357921908006149e-02,-1.12194421583595361e+00,-6.60005655032249610e-18,7.76925679176900141e-01,4.43786462505061305e-02,7.50000000000000000e-01,-8.98953917230549071e-01,-2.42354010398819978e-17,
1.15641325340147136e-01,-3.25131519021584214e-02,-2.28413479546288045e-02,-7.45643818544851020e-19,7.65838528255606721e-01,8.55732847769604676e-02,7.50000000000000000e-01,-9.82467914913724427e-01,-9.91356557385762153e-18,
1.24171028418466112e-01,-3.03759468232079125e-03,-2.02069207515290141e-03,-5.34644121872707601e-18,8.70096684637336804e-01,9.86766139225109251e-02,7.50000000000000000e-01,-1.00457973428306380e+00,-8.85321049396674277e-18,
1.25000000000000000e-01,9.72134516299414020e-18,0.00000000000000000e+00,4.94772357715525204e-19,8.81250000000000089e-01,1.00000000000000006e-01,7.50000000000000000e-01,-1.00000000000000000e+00,-7.56736181831603393e-18,
1.25000000000000000e-01,-4.87631246725205429e-18,0.00000000000000000e+00,-6.79790034360276210e-25,8.81249999999999978e-01,9.99999999999999917e-02,7.50000000000000000e-01,-1.00000000000000000e+00,-7.61343570066222516e-18,
1.25000000000000000e-01,0.00000000000000000e+00,0.00000000000000000e+00,-1.59151400288448937e-25,8.81249999999999978e-01,1.00000000000000006e-01,7.50000000000000000e-01,-1.00000000000000000e+00,-1.12106254965260712e-23,
1.25000000000000000e-01,0.00000000000000000e+00,0.00000000000000000e+00,-9.37339974857946714e-53,8.81249999999999978e-01,1.00000000000000006e-01,7.50000000000000000e-01,-1.00000000000000000e+00,0.00000000000000000e+00,
1.25000000000000000e-01,0.00000000000000000e+00,0.00000000000000000e+00,-2.25088690189523520e-82,8.81249999999999978e-01,1.00000000000000006e-01,7.50000000000000000e-01,-1.00000000000000000e+00,0.00000000000000000e+00,

16,9
1.00000000000000000e+00,0.00000000000000000e+00,0.00000000000000000e+00,1.61424244792309606e-121,1.78125000000000000e+00,1.00000000000000000e+00,7.50000000000000000e-01,1.00000000000000000e+00,3.31304797474075238e-121,
1.00000000000000000e+00,0.00000000000000000e+00,0.00000000000000000e+00,9.98027135875188827e-102,1.78125000000000000e+00,1.00000000000000000e+00,7.50000000000000000e-01,1.00000000000000000e+00,1.66856175732095043e-101,
1.00000000000000000e+00,0.00000000000000000e+00,0.00000000000000000e+00,1.01334688090611835e-80,1.78125000000000000e+00,1.00000000000000000e+00,7.50000000000000000e-01,1.00000000000000000e+00,1.17638940973150501e-80,
1.00000000000000000e+00,0.00000000000000000e+00,0.00000000000000000e+00,2.83837086585775087e-63,1.78125000000000000e+00,1.00000000000000000e+00,7.50000000000000000e-01,1.00000000000000000e+00,2.82141463570997972e-63,
1.00000000000000000e+00,0.00000000000000000e+00,0.00000000000000000e+00,8.06095087597203101e-46,1.78125000000000000e+00,1.00000000000000000e+00,7.50000000000000000e-01,1.00000000000000000e+00,1.10467868477117215e-45,
1.00000000000000000e+00,0.00000000000000000e+00,0.00000000000000000e+00,5.76658649870390379e-29,1.78125000000000000e+00,1.00000000000000000e+00,7.50000000000000000e-01,1.00000000000000000e+00,9.93392338330862491e-29,
1.00000011713943904e+00,1.37479892545951405e-02,5.94238845466655476e-08,3.75196018116181061e-18,1.78125037628489169e+00,1.00000023427888940e+00,7.50000000000000000e-01,1.00000014200596055e+00,7.82766314566415368e-18,
9.80041990348241687e-01,4.34487171722705123e-01,-1.01041920753618467e-02,6.05135204581193338e-18,1.94712026757303702e+00,9.60448798358957356e-01,7.50000000000000000e-01,9.75745800216214043e-01,7.30403587275524296e-18,
7.06296812376756011e-01,4.27706697133745983e-01,-2.03881403510228106e-02,2.81845097708994522e-18,1.96355156094048633e+00,4.91743319044644911e-01,7.50000000000000000e-01,-5.27546614323805119e-01,8.00709761119171029e-18,
1.23539677471180068e-01,-5.33134248702447737e-03,-3.55932841876988124e-03,3.04951194601412614e-18,8.61720331353618585e-01,9.76748552816301963e-02,7.50000000000000000e-01,-8.85635485633999409e-01,9.30641193823373528e-18,
1.25382916102202813e-01,1.41381374815602659e-03,9.33114339996403831e-04,5.91848429716532110e-18,8.86465495697807859e-01,1.00613472734847831e-01,7.50000000000000000e-01,-9.90059703376210076e-01,1.82734687717011199e-17,
1.25000000000000000e-01,9.74381076808054044e-18,0.00000000000000000e+00,4.99094100154758753e-19,8.81250000000000089e-01,1.00000000000000006e-01,7.50000000000000000e-01,-1.00000000000000000e+00,-7.55596828446830137e-18,
1.25000000000000000e-01,9.75631552338044631e-18,0.00000000000000000e+00,5.41313758289278064e-19,8.81250000000000089e-01,1.00000000000000006e-01,7.50000000000000000e-01,-1.00000000000000000e+00,3.05560109359958231e-19,
1.25000000000000000e-01,0.00000000000000000e+00,0.00000000000000000e+00,3.15669915095937328e-24,8.81249999999999978e-01,1.00000000000000006e-01,7.50000000000000000e-01,-1.00000000000000000e+00,5.70910169424682910e-25,
1.25000000000000000e-01,0.00000000000000000e+00,0.00000000000000000e+00,2.37680781432933619e-51,8.81249999999999978e-01,1.00000000000000006e-01,7.50000000000000000e-01,-1.00000000000000000e+00,0.00000000000000000e+00,
1.25000000000000000e-01,0.00000000000000000e+00,0.00000000000000000e+00,2.65118199568627546e-84,8.81249999999999978e-01,1.00000000000000006e-01,7.50000000000000000e-01,-1.00000000000000000e+00,0.00000000000000000e+00,

