1
1
9
0
(16 0
((0,0,0) (31,7,7) (0,0,0))
((32,0,0) (63,7,7) (0,0,0))
((64,0,0) (95,7,7) (0,0,0))
((96,0,0) (127,7,7) (0,0,0))
((128,0,0) (159,7,7) (0,0,0))
((160,0,0) (191,7,7) (0,0,0))
((192,0,0) (223,7,7) (0,0,0))
((224,0,0) (255,7,7) (0,0,0))
((256,0,0) (287,7,7) (0,0,0))
((288,0,0) (319,7,7) (0,0,0))
((320,0,0) (351,7,7) (0,0,0))
((352,0,0) (383,7,7) (0,0,0))
((384,0,0) (415,7,7) (0,0,0))
((416,0,0) (447,7,7) (0,0,0))
((448,0,0) (479,7,7) (0,0,0))
((480,0,0) (511,7,7) (0,0,0))
)
16
FabOnDisk: Cell_D_00000 1770548
FabOnDisk: Cell_D_00000 0
FabOnDisk: Cell_D_00000 147544
FabOnDisk: Cell_D_00000 1918091
FabOnDisk: Cell_D_00000 295088
FabOnDisk: Cell_D_00000 442634
FabOnDisk: Cell_D_00000 590180
FabOnDisk: Cell_D_00000 737726
FabOnDisk: Cell_D_00000 2065636
FabOnDisk: Cell_D_00000 885272
FabOnDisk: Cell_D_00000 1032818
FabOnDisk: Cell_D_00000 2213182
FabOnDisk: Cell_D_00000 1180364
FabOnDisk: Cell_D_00000 1327910
FabOnDisk: Cell_D_00000 1475456
FabOnDisk: Cell_D_00000 1623002

16,9
1.00000000000000000e+00,0.00000000000000000e+00,0.00000000000000000e+00,-6.44278454403103076e-77,1.78125000000000000e+00,1.00000000000000000e+00,7.50000000000000000e-01,1.00000000000000000e+00,-7.89485212374065261e-77,
1.00000000000000000e+00,0.00000000000000000e+00,0.00000000000000000e+00,-1.48128935873854175e-59,1.78125000000000000e+00,1.00000000000000000e+00,7.50000000000000000e-01,1.00000000000000000e+00,-1.75397683921737519e-59,
1.00000000000000000e+00,0.00000000000000000e+00,0.00000000000000000e+00,-2.15323909663828379e-43,1.78125000000000000e+00,1.00000000000000000e+00,7.50000000000000000e-01,1.00000000000000000e+00,-2.72579743803749448e-43,
1.00000000000000000e+00,0.00000000000000000e+00,0.00000000000000000e+00,-8.90072750436002161e-27,1.78125000000000000e+00,1.00000000000000000e+00,7.50000000000000000e-01,1.00000000000000000e+00,-1.17314866073141064e-26,
9.99927674192862326e-01,-3.60662925604817150e-08,-3.68373457987317983e-05,-1.54765039855334100e-17,1.78101760788772889e+00,9.99855353322656848e-01,7.50000000000000000e-01,9.99912041266635243e-01,-3.97738393121871931e-17,
8.12477281290881259e-01,1.30020381793042634e-04,-9.26697938991661863e-02,-5.66668193375875913e-17,1.29141359985425197e+00,6.59944258475995915e-01,7.50000000000000000e-01,7.66786928914067967e-01,-5.32126677540586450e-17,
6.76406013057897160e-01,2.95148632046657144e-01,-1.57781742039061618e-01,-4.11245590882733265e-17,1.06536069763444119e+00,4.57245474592429979e-01,7.50000000000000000e-01,5.85114177693944026e-01,-6.35601564230790042e-17,
6.76253294386727433e-01,3.60870111388872927e-01,-1.12750862817267472e+00,-3.41107998014299100e-17,1.06485403839699133e+00,4.56720907406678256e-01,7.50000000000000000e-01,-5.48256860604173668e-01,-3.33389277490072900e-17,
2.92766034400034181e-01,1.75643424620513855e-01,-1.12129688846007491e+00,-5.31932510102257662e-17,1.36126015572156178e+00,1.04439488732604419e-01,7.50000000000000000e-01,-5.42928824228573248e-01,-5.44572570075695195e-17,
2.27824862385633736e-01,1.33306137854138751e-01,-3.84297133455406281e-01,-2.68800890128773222e-17,1.25623345950539766e+00,2.84281840730712998e-01,7.50000000000000000e-01,-5.38772010027847581e-01,-5.25535418777826285e-17,
1.15781608715077311e-01,-3.08844520662777573e-02,-3.77002740835494343e-01,-2.06164170424617973e-17,7.58335629070376882e-01,8.57450610940917735e-02,7.50000000000000000e-01,-9.08725849376245454e-01,-8.40057608810315811e-17,
1.16387712210274219e-01,-3.00801116065806638e-02,-2.10245103612240990e-02,-2.30292152198183757e-17,7.74148929168606892e-01,8.66824211347619888e-02,7.50000000000000000e-01,-9.07741130418905917e-01,-6.54000771646657295e-17,
1.15511780971338351e-01,-3.29300284196453394e-02,-2.31524414034999168e-02,-1.99155828725988032e-17,7.64429662758934203e-01,8.53864140775569824e-02,7.50000000000000000e-01,-9.09140949532989295e-01,-7.48421756902347313e-17,
1.16330599746835475e-01,-3.02561473331699714e-02,-2.11571603153170272e-02,-2.50692417679940388e-17,7.73538069589018273e-01,8.66020408222217125e-02,7.50000000000000000e-01,-1.01261619512983803e+00,-7.55869944841448699e-17,
1.24751524398314287e-01,-9.13232412750325387e-04,-6.04278698456454108e-04,-1.98554995633724905e-17,8.77890171352912585e-01,9.96027324928815683e-02,7.50000000000000000e-01,-1.01261127919493799e+00,-7.08138648701811226e-17,
1.24999999999999944e-01,-2.78184788193037828e-17,-4.86736405439585766e-17,-7.18472603217171795e-18,8.81249999999999867e-01,9.99999999999998945e-02,7.50000000000000000e-01,-1.00000000000000000e+00,-2.12590437370807037e-17,

16,9
1.00000000000000000e+00,0.00000000000000000e+00,0.00000000000000000e+00,6.94948189358935382e-76,1.78125000000000000e+00,1.00000000000000000e+00,7.50000000000000000e-01,1.00000000000000000e+00,8.63597630194343268e-76,
1.00000000000000000e+00,0.00000000000000000e+00,0.00000000000000000e+00,2.04717906303355827e-60,1.78125000000000000e+00,1.00000000000000000e+00,7.50000000000000000e-01,1.00000000000000000e+00,2.96144348103003324e-60,
1.00000000000000000e+00,0.00000000000000000e+00,0.00000000000000000e+00,2.56065663532371783e-44,1.78125000000000000e+00,1.00000000000000000e+00,7.50000000000000000e-01,1.00000000000000000e+00,3.26142498977071716e-44,
1.00000000000000000e+00,0.00000000000000000e+00,0.00000000000000000e+00,1.00631009244058631e-25,1.78125000000000000e+00,1.00000000000000000e+00,7.50000000000000000e-01,1.00000000000000000e+00,1.35840585898056447e-25,
1.00000002011701206e+00,1.29681145651284254e-04,9.65821174712849712e-09,3.22076254301548565e-17,1.78125006428143906e+00,1.00000004023402567e+00,7.50000000000000000e-01,1.00000002299367008e+00,2.26782804020051114e-17,
9.99927465338958377e-01,2.87232861958117813e-01,-3.69307143864252400e-05,5.64943048431484032e-17,1.78101697111201296e+00,9.99854935629610253e-01,7.50000000000000000e-01,9.99911736466315482e-01,3.82571420659348286e-17,
8.06157287645170917e-01,4.30523200495589897e-01,-9.57156981757188857e-02,3.91098988213700723e-17,1.27863742961802251e+00,6.49709292983364883e-01,7.50000000000000000e-01,7.58657300876935281e-01,3.86210558910114473e-17,
8.18019549168219728e-01,4.40436439380984923e-01,-1.56143172253550622e-01,3.92180422176278927e-17,1.96949584046820503e+00,6.55986272097787926e-01,7.50000000000000000e-01,5.89926991675535861e-01,4.57081031402471133e-17,
7.10702945260808128e-01,4.30342611096355687e-01,-4.62617270068446995e-01,2.95756882556688289e-17,1.96531228296624683e+00,4.99864891510768017e-01,7.50000000000000000e-01,-5.25992804833714023e-01,5.69409650882240768e-17,
2.42491137375803717e-01,1.44330341515413740e-01,-3.61618513046911394e-01,2.10303550921301043e-17,1.28796168465525218e+00,3.64588923319419556e-01,7.50000000000000000e-01,-5.25698826033399458e-01,5.19734818007236908e-17,
2.39655885014344178e-01,1.46003430881523011e-01,-1.82999906720138251e-02,2.44112345673299601e-17,1.28944091178187814e+00,3.69685315671145154e-01,7.50000000000000000e-01,-5.25158162278457463e-01,6.01108020691704161e-17,
1.17421130589941317e-01,-2.66491557828720804e-02,-1.84971417392720480e-02,1.97314631231217598e-17,7.85971217916566323e-01,8.82277800486272468e-02,7.50000000000000000e-01,-8.94892326694190055e-01,5.52221120420784618e-17,
1.17532200994955358e-01,-2.62716426796641561e-02,-1.82143649804508249e-02,1.91225508535530184e-17,7.87277415441662853e-01,8.83969807795706164e-02,7.50000000000000000e-01,-8.84049861942861503e-01,5.76304067444615899e-17,
1.26057958831164801e-01,3.91979627080642733e-03,2.57343229667253903e-03,3.10671429183566487e-17,8.95744847915854070e-01,1.01698487343634639e-01,7.50000000000000000e-01,-8.94230357281190713e-01,5.25182738607032333e-17,
1.26056522951582400e-01,3.91533355037080016e-03,2.57309997199228497e-03,3.55932675978519888e-17,8.95728069215048772e-01,1.01696208897502693e-01,7.50000000000000000e-01,-9.97029387600843253e-01,6.48565600945858015e-17,
1.25000000000000000e-01,0.00000000000000000e+00,1.37560625885721108e-18,2.45640351087315793e-17,8.81249999999999978e-01,1.00000000000000006e-01,7.50000000000000000e-01,-9.99999999999999778e-01,4.05465754079864305e-17,

