1
1
9
0
(16 0
((0,0,0) (31,7,7) (0,0,0))
((32,0,0) (63,7,7) (0,0,0))
((64,0,0) (95,7,7) (0,0,0))
((96,0,0) (127,7,7) (0,0,0))
((128,0,0) (159,7,7) (0,0,0))
((160,0,0) (191,7,7) (0,0,0))
((192,0,0) (223,7,7) (0,0,0))
((224,0,0) (255,7,7) (0,0,0))
((256,0,0) (287,7,7) (0,0,0))
((288,0,0) (319,7,7) (0,0,0))
((320,0,0) (351,7,7) (0,0,0))
((352,0,0) (383,7,7) (0,0,0))
((384,0,0) (415,7,7) (0,0,0))
((416,0,0) (447,7,7) (0,0,0))
((448,0,0) (479,7,7) (0,0,0))
((480,0,0) (511,7,7) (0,0,0))
)
16
FabOnDisk: Cell_D_00000 1770548
FabOnDisk: Cell_D_00000 0
FabOnDisk: Cell_D_00000 147544
FabOnDisk: Cell_D_00000 1918091
FabOnDisk: Cell_D_00000 295088
FabOnDisk: Cell_D_00000 442634
FabOnDisk: Cell_D_00000 590180
FabOnDisk: Cell_D_00000 737726
FabOnDisk: Cell_D_00000 2065636
FabOnDisk: Cell_D_00000 885272
FabOnDisk: Cell_D_00000 1032818
FabOnDisk: Cell_D_00000 2213182
FabOnDisk: Cell_D_00000 1180364
FabOnDisk: Cell_D_00000 1327910
FabOnDisk: Cell_D_00000 1475456
FabOnDisk: Cell_D_00000 1623002

16,9
1.00000000000000000e+00,0.00000000000000000e+00,0.00000000000000000e+00,-3.03346056774733461e-147,1.78125000000000000e+00,1.00000000000000000e+00,7.50000000000000000e-01,1.00000000000000000e+00,-4.77046881517022709e-147,
1.00000000000000000e+00,0.00000000000000000e+00,0.00000000000000000e+00,-2.08064135462150528e-122,1.78125000000000000e+00,1.00000000000000000e+00,7.50000000000000000e-01,1.00000000000000000e+00,-5.64662433874830197e-122,
1.00000000000000000e+00,0.00000000000000000e+00,0.00000000000000000e+00,-3.69484960004160798e-98,1.78125000000000000e+00,1.00000000000000000e+00,7.50000000000000000e-01,1.00000000000000000e+00,-4.95002057919637273e-98,
1.00000000000000000e+00,0.00000000000000000e+00,0.00000000000000000e+00,-1.02439366359081881e-76,1.78125000000000000e+00,1.00000000000000000e+00,7.50000000000000000e-01,1.00000000000000000e+00,-1.64316197929215668e-76,
1.00000000000000000e+00,0.00000000000000000e+00,0.00000000000000000e+00,-1.42656932561813062e-55,1.78125000000000000e+00,1.00000000000000000e+00,7.50000000000000000e-01,1.00000000000000000e+00,-1.77751493964839940e-55,
1.00000000000000000e+00,0.00000000000000000e+00,0.00000000000000000e+00,-1.33943037248644107e-36,1.78125000000000000e+00,1.00000000000000000e+00,7.50000000000000000e-01,1.00000000000000000e+00,-1.89455443260743040e-36,
9.99999999999954703e-01,-5.25531147649576027e-15,-2.62987078826695571e-14,-8.92145590938969362e-18,1.78124999999985456e+00,9.99999999999910627e-01,7.50000000000000000e-01,9.99999999999935163e-01,-1.35680243659541682e-17,
6.65265387941422870e-01,-8.56481824363788054e-07,-1.14388482598766794e+00,-4.70804310787938829e-17,1.05610753021814374e+00,4.38681079284067910e-01,7.50000000000000000e-01,-5.44891188603410459e-01,-3.67910501821648430e-17,
1.15399865106435559e-01,-3.26604241651740207e-02,-1.13365632442465314e+00,-2.79792714243206856e-17,7.48576325330908565e-01,-2.02428138307152693e-02,7.50000000000000000e-01,-9.99251350101601932e-01,-9.55827181473121870e-17,
1.24954265886144597e-01,-1.68639881711651142e-04,-1.15411534742872266e-04,-1.80174921809313460e-17,8.80626938139045246e-01,9.99268314608694197e-02,7.50000000000000000e-01,-1.01773404939589018e+00,-6.25492675348381284e-17,
1.25000000000000000e-01,0.00000000000000000e+00,0.00000000000000000e+00,-2.42478249581601428e-25,8.81249999999999978e-01,1.00000000000000006e-01,7.50000000000000000e-01,-1.00000000000000000e+00,-2.33225368695761257e-25,
1.25000000000000000e-01,0.00000000000000000e+00,0.00000000000000000e+00,-2.37139913384155057e-44,8.81249999999999978e-01,1.00000000000000006e-01,7.50000000000000000e-01,-1.00000000000000000e+00,0.00000000000000000e+00,
1.25000000000000000e-01,0.00000000000000000e+00,0.00000000000000000e+00,-2.77032781703071306e-67,8.81249999999999978e-01,1.00000000000000006e-01,7.50000000000000000e-01,-1.00000000000000000e+00,0.00000000000000000e+00,
1.25000000000000000e-01,0.00000000000000000e+00,0.00000000000000000e+00,-5.06530635645956435e-94,8.81249999999999978e-01,1.00000000000000006e-01,7.50000000000000000e-01,-1.00000000000000000e+00,0.00000000000000000e+00,
1.25000000000000000e-01,0.00000000000000000e+00,0.00000000000000000e+00,-2.64962553119895251e-119,8.81249999999999978e-01,1.00000000000000006e-01,7.50000000000000000e-01,-1.00000000000000000e+00,0.00000000000000000e+00,
1.25000000000000000e-01,0.00000000000000000e+00,0.00000000000000000e+00,-6.34277964809736392e-144,8.81249999999999978e-01,1.00000000000000006e-01,7.50000000000000000e-01,-1.00000000000000000e+00,0.00000000000000000e+00,

16,9
1.00000000000000000e+00,0.00000000000000000e+00,0.00000000000000000e+00,7.85453414185226228e-147,1.78125000000000000e+00,1.00000000000000000e+00,7.50000000000000000e-01,1.00000000000000000e+00,8.73875342857258375e-147,
1.00000000000000000e+00,0.00000000000000000e+00,0.00000000000000000e+00,2.77930729673472619e-123,1.78125000000000000e+00,1.00000000000000000e+00,7.50000000000000000e-01,1.00000000000000000e+00,4.72380475821744053e-123,
1.00000000000000000e+00,0.00000000000000000e+00,0.00000000000000000e+00,6.55011655001202506e-99,1.78125000000000000e+00,1.00000000000000000e+00,7.50000000000000000e-01,1.00000000000000000e+00,1.07741586673377163e-98,
1.00000000000000000e+00,0.00000000000000000e+00,0.00000000000000000e+00,5.81059386625956659e-76,1.78125000000000000e+00,1.00000000000000000e+00,7.50000000000000000e-01,1.00000000000000000e+00,7.63889605244567024e-76,
1.00000000000000000e+00,0.00000000000000000e+00,0.00000000000000000e+00,4.47584646627919486e-56,1.78125000000000000e+00,1.00000000000000000e+00,7.50000000000000000e-01,1.00000000000000000e+00,6.50724042741168209e-56,
1.00000000000000000e+00,0.00000000000000000e+00,0.00000000000000000e+00,3.63201819092096831e-36,1.78125000000000000e+00,1.00000000000000000e+00,7.50000000000000000e-01,1.00000000000000000e+00,4.33848542635811834e-36,
1.00000000000000289e+00,8.08556467400031240e-14,1.62675327390271801e-15,1.08876248280303448e-17,1.78125000000001021e+00,1.00000000000000600e+00,7.50000000000000000e-01,1.00000000000000400e+00,2.97621244482285727e-17,
1.00000048061110713e+00,4.40984895028619039e-01,2.48003354085898340e-07,4.16693228102008460e-17,1.98790098192833975e+00,1.00000096122245385e+00,7.50000000000000000e-01,1.00000059761649607e+00,2.79264316125075014e-17,
7.05793296554180882e-01,4.16624366431217585e-01,-1.50257515873673309e-04,1.84475366449074634e-17,1.95985371233159378e+00,5.04868096876919359e-01,7.50000000000000000e-01,-5.22712851723524330e-01,5.99754998711865325e-17,
1.26486207943414919e-01,5.52851093639222108e-03,3.62326369361458487e-03,1.72279484974576331e-17,9.01708875770122598e-01,1.02388994101295233e-01,7.50000000000000000e-01,-9.99444888851602764e-01,5.39733291511363961e-17,
1.25000000000000000e-01,0.00000000000000000e+00,0.00000000000000000e+00,7.50965619927558653e-26,8.81249999999999978e-01,1.00000000000000006e-01,7.50000000000000000e-01,-1.00000000000000000e+00,4.65658758831414697e-25,
1.25000000000000000e-01,0.00000000000000000e+00,0.00000000000000000e+00,2.46371499752924210e-43,8.81249999999999978e-01,1.00000000000000006e-01,7.50000000000000000e-01,-1.00000000000000000e+00,0.00000000000000000e+00,
1.25000000000000000e-01,0.00000000000000000e+00,0.00000000000000000e+00,1.19406623787719937e-68,8.81249999999999978e-01,1.00000000000000006e-01,7.50000000000000000e-01,-1.00000000000000000e+00,0.00000000000000000e+00,
1.25000000000000000e-01,0.00000000000000000e+00,0.00000000000000000e+00,1.21712308052395454e-92,8.81249999999999978e-01,1.00000000000000006e-01,7.50000000000000000e-01,-1.00000000000000000e+00,0.00000000000000000e+00,
1.25000000000000000e-01,0.00000000000000000e+00,0.00000000000000000e+00,1.04930812627437272e-117,8.81249999999999978e-01,1.00000000000000006e-01,7.50000000000000000e-01,-1.00000000000000000e+00,0.00000000000000000e+00,
1.25000000000000000e-01,0.00000000000000000e+00,0.00000000000000000e+00,9.30541199108351582e-144,8.81249999999999978e-01,1.00000000000000006e-01,7.50000000000000000e-01,-1.00000000000000000e+00,0.00000000000000000e+00,

