1
1
9
0
(16 0
((0,0,0) (31,7,7) (0,0,0))
((32,0,0) (63,7,7) (0,0,0))
((64,0,0) (95,7,7) (0,0,0))
((96,0,0) (127,7,7) (0,0,0))
((128,0,0) (159,7,7) (0,0,0))
((160,0,0) (191,7,7) (0,0,0))
((192,0,0) (223,7,7) (0,0,0))
((224,0,0) (255,7,7) (0,0,0))
((256,0,0) (287,7,7) (0,0,0))
((288,0,0) (319,7,7) (0,0,0))
((320,0,0) (351,7,7) (0,0,0))
((352,0,0) (383,7,7) (0,0,0))
((384,0,0) (415,7,7) (0,0,0))
((416,0,0) (447,7,7) (0,0,0))
((448,0,0) (479,7,7) (0,0,0))
((480,0,0) (511,7,7) (0,0,0))
)
16
FabOnDisk: Cell_D_00000 1770548
FabOnDisk: Cell_D_00000 0
FabOnDisk: Cell_D_00000 147544
FabOnDisk: Cell_D_00000 1918091
FabOnDisk: Cell_D_00000 295088
FabOnDisk: Cell_D_00000 442634
FabOnDisk: Cell_D_00000 590180
FabOnDisk: Cell_D_00000 737726
FabOnDisk: Cell_D_00000 2065636
FabOnDisk: Cell_D_00000 885272
FabOnDisk: Cell_D_00000 1032818
FabOnDisk: Cell_D_00000 2213182
FabOnDisk: Cell_D_00000 1180364
FabOnDisk: Cell_D_00000 1327910
FabOnDisk: Cell_D_00000 1475456
FabOnDisk: Cell_D_00000 1623002

16,9
1.00000000000000000e+00,0.00000000000000000e+00,0.00000000000000000e+00,-7.14834392005194684e-78,1.78125000000000000e+00,1.00000000000000000e+00,7.50000000000000000e-01,1.00000000000000000e+00,-7.21235180450778320e-78,
1.00000000000000000e+00,0.00000000000000000e+00,0.00000000000000000e+00,-4.56891171604747034e-60,1.78125000000000000e+00,1.00000000000000000e+00,7.50000000000000000e-01,1.00000000000000000e+00,-5.88016783399681528e-60,
1.00000000000000000e+00,0.00000000000000000e+00,0.00000000000000000e+00,-6.90099017364804405e-44,1.78125000000000000e+00,1.00000000000000000e+00,7.50000000000000000e-01,1.00000000000000000e+00,-9.05701690733964395e-44,
1.00000000000000000e+00,0.00000000000000000e+00,0.00000000000000000e+00,-4.98565846373672872e-27,1.78125000000000000e+00,1.00000000000000000e+00,7.50000000000000000e-01,1.00000000000000000e+00,-9.68683740810982472e-27,
9.99948920640886807e-01,-3.84497825448152182e-08,-2.59120861944127847e-05,-5.44834467799731468e-18,1.78108592755396100e+00,9.99897843754364191e-01,7.50000000000000000e-01,9.99938076913719165e-01,-7.79089394589712010e-18,
8.12812016648757352e-01,9.16946488725498547e-05,-9.25121169270742699e-02,-6.25187508060155379e-18,1.29209536175112505e+00,6.60487987601799720e-01,7.50000000000000000e-01,7.67208320275027500e-01,-4.77734259081690841e-18,
6.74303199435159262e-01,2.94751188501741868e-01,-1.58802133169845705e-01,-5.87327906512635455e-18,1.06264430705364354e+00,4.54404282049143848e-01,7.50000000000000000e-01,5.82157835653241529e-01,-8.60284126069816689e-18,
6.76411652438133837e-01,3.73123679468885527e-01,-1.11704166638839664e+00,-8.08183242917872565e-18,1.06526455111938323e+00,4.57167320946363198e-01,7.50000000000000000e-01,-5.40894676902041072e-01,-9.01618579882907587e-18,
2.92845928630850239e-01,1.77306950895119192e-01,-1.11691185822698058e+00,-1.11650620987582572e-17,1.36531712943525330e+00,1.37649066054627761e-01,7.50000000000000000e-01,-5.39041294410844696e-01,-1.19618784571884000e-17,
2.29327258855605898e-01,1.36054221303766515e-01,-3.84688654937978547e-01,-8.39194647236646945e-18,1.26526889457050973e+00,3.50721904225309689e-01,7.50000000000000000e-01,-5.37586194198528045e-01,-2.44330641821256442e-17,
1.16540193692340047e-01,-2.95637771579874038e-02,-3.75597796331867295e-01,-3.66666616443912838e-18,7.75905382542118383e-01,8.69106211427144310e-02,7.50000000000000000e-01,-9.05296071565564797e-01,-1.44568592794615674e-17,
1.16577509844058139e-01,-2.94410482091884210e-02,-2.05522832044878687e-02,-2.77385869596304074e-18,7.76336340245354917e-01,8.69664480507770787e-02,7.50000000000000000e-01,-9.05332393207098240e-01,-1.32609799990729693e-17,
1.15908236410181956e-01,-3.16411163993978450e-02,-2.21881293177980839e-02,-1.88986907431514113e-18,7.68809961450456658e-01,8.59754099067235322e-02,7.50000000000000000e-01,-9.10192803942830753e-01,-1.85499269105897941e-17,
1.15703184894530811e-01,-3.23116863173088520e-02,-2.26900289696538200e-02,-1.59571033842353357e-18,7.66525687470762218e-01,8.56714528134260578e-02,7.50000000000000000e-01,-1.00515207879256896e+00,-2.15456924800835693e-17,
1.24891858348219198e-01,-3.98096977865645409e-04,-2.63554325932710879e-04,-5.80944721393737425e-19,8.79784122339390739e-01,9.98270351756167934e-02,7.50000000000000000e-01,-1.00514339140041487e+00,-1.65829176495761671e-17,
1.24999999999999986e-01,-9.25656848045673097e-17,-2.54516933458329726e-18,-3.58997832263316284e-22,8.81249999999999867e-01,9.99999999999999500e-02,7.50000000000000000e-01,-1.00000000000000000e+00,-1.72098407834024010e-21,

16,9
1.00000000000000000e+00,0.00000000000000000e+00,0.00000000000000000e+00,5.80372073479130100e-78,1.78125000000000000e+00,1.00000000000000000e+00,7.50000000000000000e-01,1.00000000000000000e+00,7.34748741007589673e-78,
1.00000000000000000e+00,0.00000000000000000e+00,0.00000000000000000e+00,3.44756865996134608e-61,1.78125000000000000e+00,1.00000000000000000e+00,7.50000000000000000e-01,1.00000000000000000e+00,4.32294372893901725e-61,
1.00000000000000000e+00,0.00000000000000000e+00,0.00000000000000000e+00,3.62577052132547102e-44,1.78125000000000000e+00,1.00000000000000000e+00,7.50000000000000000e-01,1.00000000000000000e+00,1.40551494515134430e-44,
1.00000000000000000e+00,0.00000000000000000e+00,0.00000000000000000e+00,8.14179401066020372e-26,1.78125000000000000e+00,1.00000000000000000e+00,7.50000000000000000e-01,1.00000000000000000e+00,1.05541718137096653e-25,
1.00000002145294986e+00,9.15448677421951997e-05,1.08829081661853027e-08,5.10833095836478914e-18,1.78125006891292270e+00,1.00000004290590061e+00,7.50000000000000000e-01,1.00000002600700388e+00,7.75675792457483554e-18,
9.99948837352456321e-01,2.86809674146575044e-01,-2.59542811527037481e-05,4.42149031280395502e-18,1.78108565964898968e+00,9.99897677177690292e-01,7.50000000000000000e-01,9.99937975631413178e-01,4.73905063536985327e-18,
8.06476882550341889e-01,4.32277482815461911e-01,-9.55658394123829608e-02,3.65754010269573275e-18,1.27927673417840482e+00,6.50224299528768590e-01,7.50000000000000000e-01,7.59060111244339364e-01,4.93670992762583128e-18,
8.24084394711752766e-01,4.34644604483907682e-01,-1.56661528695997837e-01,7.04262262146601997e-18,1.95324477681477782e+00,6.69156179777218085e-01,7.50000000000000000e-01,5.88429480601932120e-01,6.73698988429861606e-18,
7.04729007736897284e-01,4.26335248978954862e-01,-4.63124373524256561e-01,5.51867330790916212e-18,1.95779529914246608e+00,4.91661588173538611e-01,7.50000000000000000e-01,-5.30823608827324711e-01,9.22272540754116945e-18,
2.43652540274643920e-01,1.46542431539674500e-01,-3.62679364877089960e-01,3.25326996940703373e-18,1.28933154751393220e+00,4.12896652411780529e-01,7.50000000000000000e-01,-5.30279479329910708e-01,1.90035155618923071e-17,
2.36435349894650759e-01,1.43123389817235019e-01,-1.89781509986382164e-02,6.04415759577594581e-18,1.28357087069696485e+00,4.11443045091595239e-01,7.50000000000000000e-01,-5.28705938123637864e-01,1.40270441621478887e-17,
1.17223160660847425e-01,-2.72976034484369232e-02,-1.89723501346837527e-02,2.65357567641057175e-18,7.83721709229282748e-01,8.79331165368282819e-02,7.50000000000000000e-01,-8.97304806919390630e-01,6.26446500045393495e-18,
1.17615825000442487e-01,-2.59835970827289042e-02,-1.80112190744263455e-02,4.10315955777484803e-18,7.88259679264931346e-01,8.85260910741571400e-02,7.50000000000000000e-01,-8.88969502606778428e-01,3.82692561412071029e-19,
1.25430817486526569e-01,1.59111202427359311e-03,1.04986831385028758e-03,5.95204754399887752e-18,8.87120582346171638e-01,1.00690303819192806e-01,7.50000000000000000e-01,-8.86408768702137029e-01,-1.88743298255514317e-18,
1.25430099638314280e-01,1.58842902313706576e-03,1.04807854407637144e-03,4.86349194680704717e-18,8.87110678975304490e-01,1.00689160150643484e-01,7.50000000000000000e-01,-9.98705282583229548e-01,9.70203100090440983e-22,
1.25000000000000000e-01,-9.73904372149295212e-18,2.54516933458329726e-18,6.21817444744179115e-22,8.81249999999999978e-01,1.00000000000000075e-01,7.50000000000000000e-01,-1.00000000000000000e+00,1.07183231876364111e-21,

