1
1
1
0
(16 0
((0,0,0) (31,7,8) (0,0,1))
((32,0,0) (63,7,8) (0,0,1))
((64,0,0) (95,7,8) (0,0,1))
((96,0,0) (127,7,8) (0,0,1))
((128,0,0) (159,7,8) (0,0,1))
((160,0,0) (191,7,8) (0,0,1))
((192,0,0) (223,7,8) (0,0,1))
((224,0,0) (255,7,8) (0,0,1))
((256,0,0) (287,7,8) (0,0,1))
((288,0,0) (319,7,8) (0,0,1))
((320,0,0) (351,7,8) (0,0,1))
((352,0,0) (383,7,8) (0,0,1))
((384,0,0) (415,7,8) (0,0,1))
((416,0,0) (447,7,8) (0,0,1))
((448,0,0) (479,7,8) (0,0,1))
((480,0,0) (511,7,8) (0,0,1))
)
16
FabOnDisk: Cell_D_00000 222260
FabOnDisk: Cell_D_00000 0
FabOnDisk: Cell_D_00000 18520
FabOnDisk: Cell_D_00000 240779
FabOnDisk: Cell_D_00000 37040
FabOnDisk: Cell_D_00000 55562
FabOnDisk: Cell_D_00000 74084
FabOnDisk: Cell_D_00000 92606
FabOnDisk: Cell_D_00000 259300
FabOnDisk: Cell_D_00000 111128
FabOnDisk: Cell_D_00000 129650
FabOnDisk: Cell_D_00000 277822
FabOnDisk: Cell_D_00000 148172
FabOnDisk: Cell_D_00000 166694
FabOnDisk: Cell_D_00000 185216
FabOnDisk: Cell_D_00000 203738

16,1
-4.10706561915734403e-94,
-1.94428327744570903e-76,
-2.87393716214418002e-59,
-2.15051474675708013e-42,
-3.39824933041401182e-26,
-3.80437110111013218e-17,
-8.20830355186853542e-17,
-3.56191545376218310e-17,
-4.86909063532905865e-17,
-7.27177839618212630e-17,
-1.10421102158799195e-16,
-6.13020512854573804e-17,
-5.17530822779337902e-17,
-9.72568729187464222e-18,
0.00000000000000000e+00,
0.00000000000000000e+00,

16,1
2.91362678763165674e-93,
2.48289071856118736e-75,
2.02996033400732134e-58,
1.91855715762531653e-42,
6.85092603682271411e-26,
2.60433413275817978e-17,
3.76621469703631516e-17,
3.45452407115570253e-17,
7.78106101412543358e-17,
6.93816727281452914e-17,
5.88251476610294222e-17,
4.33141737025896648e-17,
4.24566220171838229e-17,
2.55475078380154332e-18,
0.00000000000000000e+00,
0.00000000000000000e+00,

