1
1
1
0
(16 0
((0,0,0) (31,8,7) (0,1,0))
((32,0,0) (63,8,7) (0,1,0))
((64,0,0) (95,8,7) (0,1,0))
((96,0,0) (127,8,7) (0,1,0))
((128,0,0) (159,8,7) (0,1,0))
((160,0,0) (191,8,7) (0,1,0))
((192,0,0) (223,8,7) (0,1,0))
((224,0,0) (255,8,7) (0,1,0))
((256,0,0) (287,8,7) (0,1,0))
((288,0,0) (319,8,7) (0,1,0))
((320,0,0) (351,8,7) (0,1,0))
((352,0,0) (383,8,7) (0,1,0))
((384,0,0) (415,8,7) (0,1,0))
((416,0,0) (447,8,7) (0,1,0))
((448,0,0) (479,8,7) (0,1,0))
((480,0,0) (511,8,7) (0,1,0))
)
16
FabOnDisk: Cell_D_00000 222260
FabOnDisk: Cell_D_00000 0
FabOnDisk: Cell_D_00000 18520
FabOnDisk: Cell_D_00000 240779
FabOnDisk: Cell_D_00000 37040
FabOnDisk: Cell_D_00000 55562
FabOnDisk: Cell_D_00000 74084
FabOnDisk: Cell_D_00000 92606
FabOnDisk: Cell_D_00000 259300
FabOnDisk: Cell_D_00000 111128
FabOnDisk: Cell_D_00000 129650
FabOnDisk: Cell_D_00000 277822
FabOnDisk: Cell_D_00000 148172
FabOnDisk: Cell_D_00000 166694
FabOnDisk: Cell_D_00000 185216
FabOnDisk: Cell_D_00000 203738

16,1
1.00000000000000000e+00,
1.00000000000000000e+00,
1.00000000000000000e+00,
1.00000000000000000e+00,
1.00000000000000000e+00,
9.99999999999940048e-01,
7.58566494354093401e-01,
-5.35206404402853386e-01,
-5.43860957317141569e-01,
-9.07562811636421052e-01,
-9.94399967880701285e-01,
-1.01433983557081486e+00,
-1.00000000000000000e+00,
-1.00000000000000000e+00,
-1.00000000000000000e+00,
-1.00000000000000000e+00,

16,1
1.00000000000000000e+00,
1.00000000000000000e+00,
1.00000000000000000e+00,
1.00000000000000000e+00,
1.00000000000000000e+00,
1.00000000000000000e+00,
1.00000015495706740e+00,
7.43296728394048811e-01,
-5.22440634141525861e-01,
-5.33099927865001488e-01,
-8.83373647732154210e-01,
-9.98058326057292500e-01,
-1.00000000000000000e+00,
-1.00000000000000000e+00,
-1.00000000000000000e+00,
-1.00000000000000000e+00,

