1
1
1
0
(16 0
((0,0,0) (32,7,7) (1,0,0))
((32,0,0) (64,7,7) (1,0,0))
((64,0,0) (96,7,7) (1,0,0))
((96,0,0) (128,7,7) (1,0,0))
((128,0,0) (160,7,7) (1,0,0))
((160,0,0) (192,7,7) (1,0,0))
((192,0,0) (224,7,7) (1,0,0))
((224,0,0) (256,7,7) (1,0,0))
((256,0,0) (288,7,7) (1,0,0))
((288,0,0) (320,7,7) (1,0,0))
((320,0,0) (352,7,7) (1,0,0))
((352,0,0) (384,7,7) (1,0,0))
((384,0,0) (416,7,7) (1,0,0))
((416,0,0) (448,7,7) (1,0,0))
((448,0,0) (480,7,7) (1,0,0))
((480,0,0) (512,7,7) (1,0,0))
)
16
FabOnDisk: Cell_D_00000 203828
FabOnDisk: Cell_D_00000 0
FabOnDisk: Cell_D_00000 16984
FabOnDisk: Cell_D_00000 220811
FabOnDisk: Cell_D_00000 33968
FabOnDisk: Cell_D_00000 50954
FabOnDisk: Cell_D_00000 67940
FabOnDisk: Cell_D_00000 84926
FabOnDisk: Cell_D_00000 237796
FabOnDisk: Cell_D_00000 101912
FabOnDisk: Cell_D_00000 118898
FabOnDisk: Cell_D_00000 254782
FabOnDisk: Cell_D_00000 135884
FabOnDisk: Cell_D_00000 152870
FabOnDisk: Cell_D_00000 169856
FabOnDisk: Cell_D_00000 186842

16,1
7.50000000000000000e-01,
7.50000000000000000e-01,
7.50000000000000000e-01,
7.50000000000000000e-01,
7.50000000000000000e-01,
7.50000000000000000e-01,
7.50000000000000000e-01,
7.50000000000000000e-01,
7.50000000000000000e-01,
7.50000000000000000e-01,
7.50000000000000000e-01,
7.50000000000000000e-01,
7.50000000000000000e-01,
7.50000000000000000e-01,
7.50000000000000000e-01,
7.50000000000000000e-01,

16,1
7.50000000000000000e-01,
7.50000000000000000e-01,
7.50000000000000000e-01,
7.50000000000000000e-01,
7.50000000000000000e-01,
7.50000000000000000e-01,
7.50000000000000000e-01,
7.50000000000000000e-01,
7.50000000000000000e-01,
7.50000000000000000e-01,
7.50000000000000000e-01,
7.50000000000000000e-01,
7.50000000000000000e-01,
7.50000000000000000e-01,
7.50000000000000000e-01,
7.50000000000000000e-01,

