1
1
9
0
(16 0
((0,0,0) (31,7,7) (0,0,0))
((32,0,0) (63,7,7) (0,0,0))
((64,0,0) (95,7,7) (0,0,0))
((96,0,0) (127,7,7) (0,0,0))
((128,0,0) (159,7,7) (0,0,0))
((160,0,0) (191,7,7) (0,0,0))
((192,0,0) (223,7,7) (0,0,0))
((224,0,0) (255,7,7) (0,0,0))
((256,0,0) (287,7,7) (0,0,0))
((288,0,0) (319,7,7) (0,0,0))
((320,0,0) (351,7,7) (0,0,0))
((352,0,0) (383,7,7) (0,0,0))
((384,0,0) (415,7,7) (0,0,0))
((416,0,0) (447,7,7) (0,0,0))
((448,0,0) (479,7,7) (0,0,0))
((480,0,0) (511,7,7) (0,0,0))
)
16
FabOnDisk: Cell_D_00000 1770548
FabOnDisk: Cell_D_00000 0
FabOnDisk: Cell_D_00000 147544
FabOnDisk: Cell_D_00000 1918091
FabOnDisk: Cell_D_00000 295088
FabOnDisk: Cell_D_00000 442634
FabOnDisk: Cell_D_00000 590180
FabOnDisk: Cell_D_00000 737726
FabOnDisk: Cell_D_00000 2065636
FabOnDisk: Cell_D_00000 885272
FabOnDisk: Cell_D_00000 1032818
FabOnDisk: Cell_D_00000 2213182
FabOnDisk: Cell_D_00000 1180364
FabOnDisk: Cell_D_00000 1327910
FabOnDisk: Cell_D_00000 1475456
FabOnDisk: Cell_D_00000 1623002

16,9
1.00000000000000000e+00,0.00000000000000000e+00,0.00000000000000000e+00,-1.56919421080109449e-94,1.78125000000000000e+00,1.00000000000000000e+00,7.50000000000000000e-01,1.00000000000000000e+00,-1.93985021944091770e-94,
1.00000000000000000e+00,0.00000000000000000e+00,0.00000000000000000e+00,-8.08516177115971086e-77,1.78125000000000000e+00,1.00000000000000000e+00,7.50000000000000000e-01,1.00000000000000000e+00,-1.08542024822177473e-76,
1.00000000000000000e+00,0.00000000000000000e+00,0.00000000000000000e+00,-9.97912409562039006e-61,1.78125000000000000e+00,1.00000000000000000e+00,7.50000000000000000e-01,1.00000000000000000e+00,-7.32516481030634896e-61,
1.00000000000000000e+00,0.00000000000000000e+00,0.00000000000000000e+00,-1.44926820189886451e-44,1.78125000000000000e+00,1.00000000000000000e+00,7.50000000000000000e-01,1.00000000000000000e+00,-1.96317297748745271e-44,
1.00000000000000000e+00,0.00000000000000000e+00,0.00000000000000000e+00,-1.62360107430523944e-28,1.78125000000000000e+00,1.00000000000000000e+00,7.50000000000000000e-01,1.00000000000000000e+00,-1.81623727060716370e-28,
9.98044769663738784e-01,-1.16881897437284118e-07,-1.00998543755667874e-03,-3.49071532097295817e-17,1.77498482074303965e+00,9.96092603918416364e-01,7.50000000000000000e-01,9.97605493576812052e-01,-3.90665535544853764e-17,
7.11586358424451504e-01,1.17066243856464355e-02,-1.40972512377961462e-01,-5.71399214454653154e-17,1.11423429383972272e+00,5.05992673544478411e-01,7.50000000000000000e-01,6.33677731525601806e-01,-4.16422907020855071e-17,
6.75899156846219595e-01,3.79751249323083628e-01,-1.11967174809476622e+00,-5.58893543057968565e-17,1.06469702584954717e+00,4.56444625945004623e-01,7.50000000000000000e-01,-5.43540481265314290e-01,-6.97367518367513328e-17,
2.27863882130372758e-01,1.33724593367851752e-01,-1.12330719213985231e+00,-4.69058120852256533e-17,1.26073723754064604e+00,7.81428802376345072e-02,7.50000000000000000e-01,-5.44639592619553414e-01,-5.48972406623632317e-17,
1.15967424188390039e-01,-3.03202928950927660e-02,-3.77290196438122394e-01,-1.78072396924702744e-17,7.64653292004376151e-01,8.60220051286561538e-02,7.50000000000000000e-01,-9.09680694090916897e-01,-5.14874905033083152e-17,
1.16385395630842048e-01,-3.00562277302069240e-02,-2.10165757145355618e-02,-1.92385490385905644e-17,7.74211256524267921e-01,8.66748547779674083e-02,7.50000000000000000e-01,-9.10738969440411994e-01,-8.99752713296687004e-17,
1.15423239223750598e-01,-3.32294613507605544e-02,-2.33840638266864555e-02,-1.50593190391171960e-17,7.63404859492212817e-01,8.52526824786688231e-02,7.50000000000000000e-01,-9.93213623135412171e-01,-6.62406917664923341e-17,
1.24801141197479676e-01,-7.32030098939652962e-04,-4.86530331098698743e-04,-3.29786781546820064e-17,8.78554488649540444e-01,9.96820059212759207e-02,7.50000000000000000e-01,-1.01396080239882846e+00,-3.73858755105665295e-17,
1.24999999999999986e-01,-7.78903415280347727e-17,-4.86437688632747000e-17,-1.88383736904637314e-18,8.81249999999999645e-01,9.99999999999999500e-02,7.50000000000000000e-01,-1.00000000000000000e+00,-1.69033789224147765e-22,
1.25000000000000000e-01,0.00000000000000000e+00,0.00000000000000000e+00,-3.21331040228260158e-35,8.81249999999999978e-01,1.00000000000000006e-01,7.50000000000000000e-01,-1.00000000000000000e+00,-5.26626996224487527e-35,
1.25000000000000000e-01,0.00000000000000000e+00,0.00000000000000000e+00,-1.35847995200597903e-48,8.81249999999999978e-01,1.00000000000000006e-01,7.50000000000000000e-01,-1.00000000000000000e+00,-8.09326674508119963e-49,

16,9
1.00000000000000000e+00,0.00000000000000000e+00,0.00000000000000000e+00,1.93126425269666359e-95,1.78125000000000000e+00,1.00000000000000000e+00,7.50000000000000000e-01,1.00000000000000000e+00,2.86319155298475100e-95,
1.00000000000000000e+00,0.00000000000000000e+00,0.00000000000000000e+00,6.94407048108222488e-78,1.78125000000000000e+00,1.00000000000000000e+00,7.50000000000000000e-01,1.00000000000000000e+00,9.04767277515716394e-78,
1.00000000000000000e+00,0.00000000000000000e+00,0.00000000000000000e+00,1.98129335710374582e-60,1.78125000000000000e+00,1.00000000000000000e+00,7.50000000000000000e-01,1.00000000000000000e+00,2.44209265101817413e-60,
1.00000000000000000e+00,0.00000000000000000e+00,0.00000000000000000e+00,1.79406249440861732e-44,1.78125000000000000e+00,1.00000000000000000e+00,7.50000000000000000e-01,1.00000000000000000e+00,1.51808881673166645e-44,
1.00000000000000000e+00,0.00000000000000000e+00,0.00000000000000000e+00,1.08696011794366558e-27,1.78125000000000000e+00,1.00000000000000000e+00,7.50000000000000000e-01,1.00000000000000000e+00,1.85017381174078154e-28,
1.00000006449415912e+00,3.49243817496781373e-03,3.18548742502091743e-08,3.14254406086374236e-17,1.78125020667344058e+00,1.00000012898832114e+00,7.50000000000000000e-01,1.00000007555599746e+00,3.65419171707172535e-17,
9.93435003486823009e-01,3.99051340727189674e-01,-3.33630612770008123e-03,3.58606287180310754e-17,1.76031035726647933e+00,9.86908649676148775e-01,7.50000000000000000e-01,9.92012250893024472e-01,4.37542104563711229e-17,
8.15670525330435159e-01,4.38802529574807143e-01,-1.44848412648928837e-01,6.96710603433298428e-17,1.96491477523320346e+00,6.46592492388430862e-01,7.50000000000000000e-01,6.22588332755873664e-01,6.10911918115989459e-17,
7.08180232512247376e-01,4.26857791367377115e-01,-3.62741373440101711e-01,4.75972362424067247e-17,1.95592552549648113e+00,4.92711375296952470e-01,7.50000000000000000e-01,-5.25807657931634087e-01,6.24716812262840190e-17,
2.39486272989972132e-01,1.45670927409250833e-01,-1.88867312705988492e-02,4.46722459718240125e-17,1.29206638274821461e+00,3.75125629107057268e-01,7.50000000000000000e-01,-5.25976775378204864e-01,5.67672933752512721e-17,
1.17657148649400051e-01,-2.58323688039304375e-02,-1.79041150804253625e-02,2.09644958511832931e-17,7.88771444072714711e-01,8.85822114068842009e-02,7.50000000000000000e-01,-8.94963542348319430e-01,5.39277253953922822e-17,
1.24432738308890414e-01,-2.08140123225379354e-03,-1.37935427495202811e-03,1.75302044780692210e-17,8.73605941850554180e-01,9.90910694721884588e-02,7.50000000000000000e-01,-8.82860783953524630e-01,7.48339943603445996e-17,
1.26171383382126301e-01,4.34378863630696839e-03,2.85014856402049854e-03,2.56898261315679226e-17,8.97317770557397920e-01,1.01881416946805775e-01,7.50000000000000000e-01,-9.97601495160663543e-01,4.16486792164920274e-17,
1.25000000000000000e-01,0.00000000000000000e+00,0.00000000000000000e+00,5.39412403644567024e-23,8.81249999999999978e-01,1.00000000000000006e-01,7.50000000000000000e-01,-9.99999999999999778e-01,4.87941914550784489e-18,
1.25000000000000000e-01,0.00000000000000000e+00,0.00000000000000000e+00,1.74515117324872527e-35,8.81249999999999978e-01,1.00000000000000006e-01,7.50000000000000000e-01,-1.00000000000000000e+00,9.49617543612755655e-35,
1.25000000000000000e-01,0.00000000000000000e+00,0.00000000000000000e+00,2.45315343151012262e-49,8.81249999999999978e-01,1.00000000000000006e-01,7.50000000000000000e-01,-1.00000000000000000e+00,4.11810007183208753e-48,

