1
1
9
0
(16 0
((0,0,0) (31,7,7) (0,0,0))
((32,0,0) (63,7,7) (0,0,0))
((64,0,0) (95,7,7) (0,0,0))
((96,0,0) (127,7,7) (0,0,0))
((128,0,0) (159,7,7) (0,0,0))
((160,0,0) (191,7,7) (0,0,0))
((192,0,0) (223,7,7) (0,0,0))
((224,0,0) (255,7,7) (0,0,0))
((256,0,0) (287,7,7) (0,0,0))
((288,0,0) (319,7,7) (0,0,0))
((320,0,0) (351,7,7) (0,0,0))
((352,0,0) (383,7,7) (0,0,0))
((384,0,0) (415,7,7) (0,0,0))
((416,0,0) (447,7,7) (0,0,0))
((448,0,0) (479,7,7) (0,0,0))
((480,0,0) (511,7,7) (0,0,0))
)
16
FabOnDisk: Cell_D_00000 1770548
FabOnDisk: Cell_D_00000 0
FabOnDisk: Cell_D_00000 147544
FabOnDisk: Cell_D_00000 1918091
FabOnDisk: Cell_D_00000 295088
FabOnDisk: Cell_D_00000 442634
FabOnDisk: Cell_D_00000 590180
FabOnDisk: Cell_D_00000 737726
FabOnDisk: Cell_D_00000 2065636
FabOnDisk: Cell_D_00000 885272
FabOnDisk: Cell_D_00000 1032818
FabOnDisk: Cell_D_00000 2213182
FabOnDisk: Cell_D_00000 1180364
FabOnDisk: Cell_D_00000 1327910
FabOnDisk: Cell_D_00000 1475456
FabOnDisk: Cell_D_00000 1623002

16,9
1.00000000000000000e+00,0.00000000000000000e+00,0.00000000000000000e+00,0.00000000000000000e+00,1.78125000000000000e+00,1.00000000000000000e+00,7.50000000000000000e-01,1.00000000000000000e+00,0.00000000000000000e+00,
1.00000000000000000e+00,0.00000000000000000e+00,0.00000000000000000e+00,0.00000000000000000e+00,1.78125000000000000e+00,1.00000000000000000e+00,7.50000000000000000e-01,1.00000000000000000e+00,0.00000000000000000e+00,
1.00000000000000000e+00,0.00000000000000000e+00,0.00000000000000000e+00,0.00000000000000000e+00,1.78125000000000000e+00,1.00000000000000000e+00,7.50000000000000000e-01,1.00000000000000000e+00,0.00000000000000000e+00,
1.00000000000000000e+00,0.00000000000000000e+00,0.00000000000000000e+00,0.00000000000000000e+00,1.78125000000000000e+00,1.00000000000000000e+00,7.50000000000000000e-01,1.00000000000000000e+00,0.00000000000000000e+00,
1.00000000000000000e+00,0.00000000000000000e+00,0.00000000000000000e+00,0.00000000000000000e+00,1.78125000000000000e+00,1.00000000000000000e+00,7.50000000000000000e-01,1.00000000000000000e+00,0.00000000000000000e+00,
9.97347184698393008e-01,-5.27204001733984970e-08,-1.34573659273715574e-03,0.00000000000000000e+00,1.77275598942435830e+00,9.94700310396453680e-01,7.50000000000000000e-01,9.96782775967253065e-01,0.00000000000000000e+00,
7.10326883410554943e-01,1.40228386762761680e-02,-1.41565951510598254e-01,0.00000000000000000e+00,1.11237557646466767e+00,5.04203196989146063e-01,7.50000000000000000e-01,6.31971686859748916e-01,0.00000000000000000e+00,
6.73656796936969782e-01,3.84593040660919427e-01,-1.11228686766813434e+00,0.00000000000000000e+00,1.06180901835664376e+00,4.53420604643560821e-01,7.50000000000000000e-01,-5.45389090365120954e-01,0.00000000000000000e+00,
2.29324932874301085e-01,1.34801155158517594e-01,-1.11468655280180773e+00,0.00000000000000000e+00,1.26416520746880123e+00,1.03239420780882316e-01,7.50000000000000000e-01,-5.39502504130198512e-01,0.00000000000000000e+00,
1.16683737640972091e-01,-2.90866698085378537e-02,-3.76789162028131230e-01,0.00000000000000000e+00,7.77556224426297238e-01,8.71223725519644221e-02,7.50000000000000000e-01,-9.01839479622476570e-01,0.00000000000000000e+00,
1.16498796604063537e-01,-2.96997889896076159e-02,-2.07427624088407786e-02,0.00000000000000000e+00,7.75448262344232142e-01,8.68482107903435357e-02,7.50000000000000000e-01,-9.09787254206763984e-01,0.00000000000000000e+00,
1.15870383894882009e-01,-3.17651821224531686e-02,-2.22804840127824103e-02,0.00000000000000000e+00,7.68386937421286831e-01,8.59174429102644577e-02,7.50000000000000000e-01,-9.86056177050517846e-01,0.00000000000000000e+00,
1.24296294752949454e-01,-2.58082017354679602e-03,-1.71514469559512408e-03,0.00000000000000000e+00,8.71768990500393692e-01,9.88759662724095628e-02,7.50000000000000000e-01,-1.00667290427571121e+00,0.00000000000000000e+00,
1.25000000000000000e-01,-4.87480803899994309e-18,0.00000000000000000e+00,0.00000000000000000e+00,8.81249999999999978e-01,9.99999999999999778e-02,7.50000000000000000e-01,-1.00000000000000000e+00,0.00000000000000000e+00,
1.25000000000000000e-01,0.00000000000000000e+00,0.00000000000000000e+00,0.00000000000000000e+00,8.81249999999999978e-01,1.00000000000000006e-01,7.50000000000000000e-01,-1.00000000000000000e+00,0.00000000000000000e+00,
1.25000000000000000e-01,0.00000000000000000e+00,0.00000000000000000e+00,0.00000000000000000e+00,8.81249999999999978e-01,1.00000000000000006e-01,7.50000000000000000e-01,-1.00000000000000000e+00,0.00000000000000000e+00,

16,9
1.00000000000000000e+00,0.00000000000000000e+00,0.00000000000000000e+00,0.00000000000000000e+00,1.78125000000000000e+00,1.00000000000000000e+00,7.50000000000000000e-01,1.00000000000000000e+00,0.00000000000000000e+00,
1.00000000000000000e+00,0.00000000000000000e+00,0.00000000000000000e+00,0.00000000000000000e+00,1.78125000000000000e+00,1.00000000000000000e+00,7.50000000000000000e-01,1.00000000000000000e+00,0.00000000000000000e+00,
1.00000000000000000e+00,0.00000000000000000e+00,0.00000000000000000e+00,0.00000000000000000e+00,1.78125000000000000e+00,1.00000000000000000e+00,7.50000000000000000e-01,1.00000000000000000e+00,0.00000000000000000e+00,
1.00000000000000000e+00,0.00000000000000000e+00,0.00000000000000000e+00,0.00000000000000000e+00,1.78125000000000000e+00,1.00000000000000000e+00,7.50000000000000000e-01,1.00000000000000000e+00,0.00000000000000000e+00,
1.00000000000000000e+00,0.00000000000000000e+00,0.00000000000000000e+00,0.00000000000000000e+00,1.78125000000000000e+00,1.00000000000000000e+00,7.50000000000000000e-01,1.00000000000000000e+00,0.00000000000000000e+00,
1.00000002941520583e+00,4.74336930940123976e-03,1.49220974093855130e-08,0.00000000000000000e+00,1.78125009448992744e+00,1.00000005883041343e+00,7.50000000000000000e-01,1.00000003565951379e+00,0.00000000000000000e+00,
9.92126547409576509e-01,4.00245451579012868e-01,-3.99122741311889063e-03,0.00000000000000000e+00,1.75617661035660921e+00,9.84309406295509781e-01,7.50000000000000000e-01,9.90445810151550865e-01,0.00000000000000000e+00,
8.18493296482152854e-01,4.34127598766042566e-01,-1.45516491237115270e-01,0.00000000000000000e+00,1.95046765146951384e+00,6.83423129593103029e-01,7.50000000000000000e-01,6.20659883253474320e-01,0.00000000000000000e+00,
7.05979965306392843e-01,4.25055253516749165e-01,-3.63090595969672747e-01,0.00000000000000000e+00,1.95222770318967531e+00,4.85946625358437079e-01,7.50000000000000000e-01,-5.26977153454636138e-01,0.00000000000000000e+00,
2.37730228071746125e-01,1.45978977750588323e-01,-1.98095917534593970e-02,0.00000000000000000e+00,1.28837573395561411e+00,4.15537452132447693e-01,7.50000000000000000e-01,-5.28725734575028472e-01,0.00000000000000000e+00,
1.17583018601972206e-01,-2.60935266261211260e-02,-1.80912811048414453e-02,0.00000000000000000e+00,7.87878794815119465e-01,8.84732825094684400e-02,7.50000000000000000e-01,-8.96331203496295026e-01,0.00000000000000000e+00,
1.23837807299859798e-01,-4.25079236013190410e-03,-2.83246503429731211e-03,0.00000000000000000e+00,8.65660724267730886e-01,9.81474161611164547e-02,7.50000000000000000e-01,-8.88498259442216054e-01,0.00000000000000000e+00,
1.25558119185199546e-01,2.06284022659003778e-03,1.36009551885272507e-03,0.00000000000000000e+00,8.88864701585216799e-01,1.00894712446772131e-01,7.50000000000000000e-01,-9.91564593191383237e-01,0.00000000000000000e+00,
1.25000000000000000e-01,0.00000000000000000e+00,0.00000000000000000e+00,0.00000000000000000e+00,8.81249999999999978e-01,1.00000000000000006e-01,7.50000000000000000e-01,-1.00000000000000000e+00,0.00000000000000000e+00,
1.25000000000000000e-01,0.00000000000000000e+00,0.00000000000000000e+00,0.00000000000000000e+00,8.81249999999999978e-01,1.00000000000000006e-01,7.50000000000000000e-01,-1.00000000000000000e+00,0.00000000000000000e+00,
1.25000000000000000e-01,0.00000000000000000e+00,0.00000000000000000e+00,0.00000000000000000e+00,8.81249999999999978e-01,1.00000000000000006e-01,7.50000000000000000e-01,-1.00000000000000000e+00,0.00000000000000000e+00,

