1
1
1
0
(16 0
((0,0,0) (31,7,8) (0,0,1))
((32,0,0) (63,7,8) (0,0,1))
((64,0,0) (95,7,8) (0,0,1))
((96,0,0) (127,7,8) (0,0,1))
((128,0,0) (159,7,8) (0,0,1))
((160,0,0) (191,7,8) (0,0,1))
((192,0,0) (223,7,8) (0,0,1))
((224,0,0) (255,7,8) (0,0,1))
((256,0,0) (287,7,8) (0,0,1))
((288,0,0) (319,7,8) (0,0,1))
((320,0,0) (351,7,8) (0,0,1))
((352,0,0) (383,7,8) (0,0,1))
((384,0,0) (415,7,8) (0,0,1))
((416,0,0) (447,7,8) (0,0,1))
((448,0,0) (479,7,8) (0,0,1))
((480,0,0) (511,7,8) (0,0,1))
)
16
FabOnDisk: Cell_D_00000 222260
FabOnDisk: Cell_D_00000 0
FabOnDisk: Cell_D_00000 18520
FabOnDisk: Cell_D_00000 240779
FabOnDisk: Cell_D_00000 37040
FabOnDisk: Cell_D_00000 55562
FabOnDisk: Cell_D_00000 74084
FabOnDisk: Cell_D_00000 92606
FabOnDisk: Cell_D_00000 259300
FabOnDisk: Cell_D_00000 111128
FabOnDisk: Cell_D_00000 129650
FabOnDisk: Cell_D_00000 277822
FabOnDisk: Cell_D_00000 148172
FabOnDisk: Cell_D_00000 166694
FabOnDisk: Cell_D_00000 185216
FabOnDisk: Cell_D_00000 203738

16,1
-4.77046881517022709e-147,
-5.64662433874830197e-122,
-4.95002057919637273e-98,
-1.64316197929215668e-76,
-1.77751493964839940e-55,
-1.89455443260743040e-36,
-1.35680243659541682e-17,
-3.67910501821648430e-17,
-9.55827181473121870e-17,
-6.25492675348381284e-17,
-2.33225368695761257e-25,
0.00000000000000000e+00,
0.00000000000000000e+00,
0.00000000000000000e+00,
0.00000000000000000e+00,
0.00000000000000000e+00,

16,1
8.73875342857258375e-147,
4.72380475821744053e-123,
1.07741586673377163e-98,
7.63889605244567024e-76,
6.50724042741168209e-56,
4.33848542635811834e-36,
2.97621244482285727e-17,
2.79264316125075014e-17,
5.99754998711865325e-17,
5.39733291511363961e-17,
4.65658758831414697e-25,
0.00000000000000000e+00,
0.00000000000000000e+00,
0.00000000000000000e+00,
0.00000000000000000e+00,
0.00000000000000000e+00,

