1
1
9
0
(16 0
((0,0,0) (31,7,7) (0,0,0))
((32,0,0) (63,7,7) (0,0,0))
((64,0,0) (95,7,7) (0,0,0))
((96,0,0) (127,7,7) (0,0,0))
((128,0,0) (159,7,7) (0,0,0))
((160,0,0) (191,7,7) (0,0,0))
((192,0,0) (223,7,7) (0,0,0))
((224,0,0) (255,7,7) (0,0,0))
((256,0,0) (287,7,7) (0,0,0))
((288,0,0) (319,7,7) (0,0,0))
((320,0,0) (351,7,7) (0,0,0))
((352,0,0) (383,7,7) (0,0,0))
((384,0,0) (415,7,7) (0,0,0))
((416,0,0) (447,7,7) (0,0,0))
((448,0,0) (479,7,7) (0,0,0))
((480,0,0) (511,7,7) (0,0,0))
)
16
FabOnDisk: Cell_D_00000 1770548
FabOnDisk: Cell_D_00000 0
FabOnDisk: Cell_D_00000 147544
FabOnDisk: Cell_D_00000 1918091
FabOnDisk: Cell_D_00000 295088
FabOnDisk: Cell_D_00000 442634
FabOnDisk: Cell_D_00000 590180
FabOnDisk: Cell_D_00000 737726
FabOnDisk: Cell_D_00000 2065636
FabOnDisk: Cell_D_00000 885272
FabOnDisk: Cell_D_00000 1032818
FabOnDisk: Cell_D_00000 2213182
FabOnDisk: Cell_D_00000 1180364
FabOnDisk: Cell_D_00000 1327910
FabOnDisk: Cell_D_00000 1475456
FabOnDisk: Cell_D_00000 1623002

16,9
1.00000000000000000e+00,0.00000000000000000e+00,0.00000000000000000e+00,0.00000000000000000e+00,1.78125000000000000e+00,1.00000000000000000e+00,7.50000000000000000e-01,1.00000000000000000e+00,0.00000000000000000e+00,
1.00000000000000000e+00,0.00000000000000000e+00,0.00000000000000000e+00,0.00000000000000000e+00,1.78125000000000000e+00,1.00000000000000000e+00,7.50000000000000000e-01,1.00000000000000000e+00,0.00000000000000000e+00,
1.00000000000000000e+00,0.00000000000000000e+00,0.00000000000000000e+00,0.00000000000000000e+00,1.78125000000000000e+00,1.00000000000000000e+00,7.50000000000000000e-01,1.00000000000000000e+00,0.00000000000000000e+00,
1.00000000000000000e+00,0.00000000000000000e+00,0.00000000000000000e+00,0.00000000000000000e+00,1.78125000000000000e+00,1.00000000000000000e+00,7.50000000000000000e-01,1.00000000000000000e+00,0.00000000000000000e+00,
1.00000000000000000e+00,0.00000000000000000e+00,0.00000000000000000e+00,0.00000000000000000e+00,1.78125000000000000e+00,1.00000000000000000e+00,7.50000000000000000e-01,1.00000000000000000e+00,0.00000000000000000e+00,
9.97169320623396582e-01,-1.30541717968578454e-07,-1.43686684754634687e-03,0.00000000000000000e+00,1.77218772220545362e+00,9.94345467702578700e-01,7.50000000000000000e-01,9.96564622430005320e-01,0.00000000000000000e+00,
7.10001180424323808e-01,1.44817809278694233e-02,-1.41744436317785938e-01,0.00000000000000000e+00,1.11189150466250353e+00,5.03735733200495472e-01,7.50000000000000000e-01,6.31490260321198371e-01,0.00000000000000000e+00,
6.74269270891283079e-01,3.83388014077172490e-01,-1.11570680318970461e+00,0.00000000000000000e+00,1.06259238393918487e+00,4.54239380143246274e-01,7.50000000000000000e-01,-5.45712898606441676e-01,0.00000000000000000e+00,
2.29634762356567795e-01,1.35576308868807949e-01,-1.11546388808387964e+00,0.00000000000000000e+00,1.26608954381451433e+00,1.00473597235363934e-01,7.50000000000000000e-01,-5.38917670230424806e-01,0.00000000000000000e+00,
1.16702486920830600e-01,-2.90346510638591834e-02,-3.76110290178292728e-01,0.00000000000000000e+00,7.77765471149986287e-01,8.71486023227063117e-02,7.50000000000000000e-01,-9.02970134616114528e-01,0.00000000000000000e+00,
1.16561318717386411e-01,-2.94948635452993747e-02,-2.05922421849409482e-02,0.00000000000000000e+00,7.76148538512316244e-01,8.69401068887093037e-02,7.50000000000000000e-01,-9.08122920585558324e-01,0.00000000000000000e+00,
1.15790261369138364e-01,-3.20272298785357623e-02,-2.24769976749600170e-02,0.00000000000000000e+00,7.67493911553196351e-01,8.57979655664227875e-02,7.50000000000000000e-01,-9.86930821550558224e-01,0.00000000000000000e+00,
1.24384946344296185e-01,-2.25687891386834203e-03,-1.49961915135992763e-03,0.00000000000000000e+00,8.72955984815339425e-01,9.90168873350299877e-02,7.50000000000000000e-01,-1.00792682324661209e+00,0.00000000000000000e+00,
1.25000000000000000e-01,-4.87613127116714602e-18,0.00000000000000000e+00,0.00000000000000000e+00,8.81249999999999978e-01,9.99999999999999917e-02,7.50000000000000000e-01,-1.00000000000000000e+00,0.00000000000000000e+00,
1.25000000000000000e-01,0.00000000000000000e+00,0.00000000000000000e+00,0.00000000000000000e+00,8.81249999999999978e-01,1.00000000000000006e-01,7.50000000000000000e-01,-1.00000000000000000e+00,0.00000000000000000e+00,
1.25000000000000000e-01,0.00000000000000000e+00,0.00000000000000000e+00,0.00000000000000000e+00,8.81249999999999978e-01,1.00000000000000006e-01,7.50000000000000000e-01,-1.00000000000000000e+00,0.00000000000000000e+00,

16,9
1.00000000000000000e+00,0.00000000000000000e+00,0.00000000000000000e+00,0.00000000000000000e+00,1.78125000000000000e+00,1.00000000000000000e+00,7.50000000000000000e-01,1.00000000000000000e+00,0.00000000000000000e+00,
1.00000000000000000e+00,0.00000000000000000e+00,0.00000000000000000e+00,0.00000000000000000e+00,1.78125000000000000e+00,1.00000000000000000e+00,7.50000000000000000e-01,1.00000000000000000e+00,0.00000000000000000e+00,
1.00000000000000000e+00,0.00000000000000000e+00,0.00000000000000000e+00,0.00000000000000000e+00,1.78125000000000000e+00,1.00000000000000000e+00,7.50000000000000000e-01,1.00000000000000000e+00,0.00000000000000000e+00,
1.00000000000000000e+00,0.00000000000000000e+00,0.00000000000000000e+00,0.00000000000000000e+00,1.78125000000000000e+00,1.00000000000000000e+00,7.50000000000000000e-01,1.00000000000000000e+00,0.00000000000000000e+00,
1.00000000000000000e+00,0.00000000000000000e+00,0.00000000000000000e+00,0.00000000000000000e+00,1.78125000000000000e+00,1.00000000000000000e+00,7.50000000000000000e-01,1.00000000000000000e+00,0.00000000000000000e+00,
1.00000007283543146e+00,5.06085386262988997e-03,3.69489361546782300e-08,0.00000000000000000e+00,1.78125023396788840e+00,1.00000014567086670e+00,7.50000000000000000e-01,1.00000008829700904e+00,0.00000000000000000e+00,
9.91867447002606650e-01,4.00557292613171523e-01,-4.12446937431107039e-03,0.00000000000000000e+00,1.75535750121786283e+00,9.83795106852536905e-01,7.50000000000000000e-01,9.90126155514617357e-01,0.00000000000000000e+00,
8.20854164247088458e-01,4.34958956437446864e-01,-1.45689046865506100e-01,0.00000000000000000e+00,1.95002294310643087e+00,6.86954626076628938e-01,7.50000000000000000e-01,6.20195054701452531e-01,0.00000000000000000e+00,
7.06278508080074197e-01,4.22970031495056353e-01,-3.63798187287283969e-01,0.00000000000000000e+00,1.95141884676893662e+00,4.86765584624176961e-01,7.50000000000000000e-01,-5.27391239486393104e-01,0.00000000000000000e+00,
2.37215385103621113e-01,1.44445058521029068e-01,-1.95107585093548114e-02,0.00000000000000000e+00,1.28584272816608114e+00,4.13346144187164422e-01,7.50000000000000000e-01,-5.29097258339392251e-01,0.00000000000000000e+00,
1.17448812674725345e-01,-2.65430836034891426e-02,-1.84200603189370316e-02,0.00000000000000000e+00,7.86322297097230116e-01,8.82718272696377260e-02,7.50000000000000000e-01,-8.97099511220394774e-01,0.00000000000000000e+00,
1.23910754580791815e-01,-3.98570643848249976e-03,-2.65515923977572470e-03,0.00000000000000000e+00,8.66628564167296500e-01,9.82628682982789187e-02,7.50000000000000000e-01,-8.87496322349518363e-01,0.00000000000000000e+00,
1.25663173251160026e-01,2.45261975040809380e-03,1.61601634748866508e-03,0.00000000000000000e+00,8.90307033336978693e-01,1.01063509920481381e-01,7.50000000000000000e-01,-9.92625894458645242e-01,0.00000000000000000e+00,
1.25000000000000000e-01,9.75928164300197848e-18,0.00000000000000000e+00,0.00000000000000000e+00,8.81250000000000089e-01,1.00000000000000006e-01,7.50000000000000000e-01,-1.00000000000000000e+00,0.00000000000000000e+00,
1.25000000000000000e-01,0.00000000000000000e+00,0.00000000000000000e+00,0.00000000000000000e+00,8.81249999999999978e-01,1.00000000000000006e-01,7.50000000000000000e-01,-1.00000000000000000e+00,0.00000000000000000e+00,
1.25000000000000000e-01,0.00000000000000000e+00,0.00000000000000000e+00,0.00000000000000000e+00,8.81249999999999978e-01,1.00000000000000006e-01,7.50000000000000000e-01,-1.00000000000000000e+00,0.00000000000000000e+00,

