1
1
1
0
(16 0
((0,0,0) (31,7,8) (0,0,1))
((32,0,0) (63,7,8) (0,0,1))
((64,0,0) (95,7,8) (0,0,1))
((96,0,0) (127,7,8) (0,0,1))
((128,0,0) (159,7,8) (0,0,1))
((160,0,0) (191,7,8) (0,0,1))
((192,0,0) (223,7,8) (0,0,1))
((224,0,0) (255,7,8) (0,0,1))
((256,0,0) (287,7,8) (0,0,1))
((288,0,0) (319,7,8) (0,0,1))
((320,0,0) (351,7,8) (0,0,1))
((352,0,0) (383,7,8) (0,0,1))
((384,0,0) (415,7,8) (0,0,1))
((416,0,0) (447,7,8) (0,0,1))
((448,0,0) (479,7,8) (0,0,1))
((480,0,0) (511,7,8) (0,0,1))
)
16
FabOnDisk: Cell_D_00000 222260
FabOnDisk: Cell_D_00000 0
FabOnDisk: Cell_D_00000 18520
FabOnDisk: Cell_D_00000 240779
FabOnDisk: Cell_D_00000 37040
FabOnDisk: Cell_D_00000 55562
FabOnDisk: Cell_D_00000 74084
FabOnDisk: Cell_D_00000 92606
FabOnDisk: Cell_D_00000 259300
FabOnDisk: Cell_D_00000 111128
FabOnDisk: Cell_D_00000 129650
FabOnDisk: Cell_D_00000 277822
FabOnDisk: Cell_D_00000 148172
FabOnDisk: Cell_D_00000 166694
FabOnDisk: Cell_D_00000 185216
FabOnDisk: Cell_D_00000 203738

16,1
-8.60571176885676953e-120,
-2.85960358843442262e-99,
-7.56238424793503023e-81,
-7.84254267702237248e-62,
-2.18926423697325636e-43,
-5.01566781156111618e-28,
-7.93045281954546034e-18,
-1.12375451065027350e-17,
-1.76903815962849463e-17,
-1.08281672506728923e-17,
-2.66871875519468727e-17,
-1.30911102602259854e-21,
-1.56332610685800127e-21,
-4.05565453824868499e-18,
0.00000000000000000e+00,
0.00000000000000000e+00,

16,1
9.28540291592675505e-120,
9.19585217708974007e-100,
1.54516692872562094e-80,
3.42274987410649949e-63,
2.43619230666412991e-44,
4.39242150671467725e-27,
6.59503218199432899e-18,
5.79453843886240311e-18,
8.13824393815551181e-18,
7.52562050495373010e-18,
7.91102069641508256e-20,
2.62075982737218494e-21,
1.77500609201712385e-21,
2.86164212559154148e-19,
0.00000000000000000e+00,
0.00000000000000000e+00,

