1
1
1
0
(16 0
((0,0,0) (31,7,8) (0,0,1))
((32,0,0) (63,7,8) (0,0,1))
((64,0,0) (95,7,8) (0,0,1))
((96,0,0) (127,7,8) (0,0,1))
((128,0,0) (159,7,8) (0,0,1))
((160,0,0) (191,7,8) (0,0,1))
((192,0,0) (223,7,8) (0,0,1))
((224,0,0) (255,7,8) (0,0,1))
((256,0,0) (287,7,8) (0,0,1))
((288,0,0) (319,7,8) (0,0,1))
((320,0,0) (351,7,8) (0,0,1))
((352,0,0) (383,7,8) (0,0,1))
((384,0,0) (415,7,8) (0,0,1))
((416,0,0) (447,7,8) (0,0,1))
((448,0,0) (479,7,8) (0,0,1))
((480,0,0) (511,7,8) (0,0,1))
)
16
FabOnDisk: Cell_D_00000 222260
FabOnDisk: Cell_D_00000 0
FabOnDisk: Cell_D_00000 18520
FabOnDisk: Cell_D_00000 240779
FabOnDisk: Cell_D_00000 37040
FabOnDisk: Cell_D_00000 55562
FabOnDisk: Cell_D_00000 74084
FabOnDisk: Cell_D_00000 92606
FabOnDisk: Cell_D_00000 259300
FabOnDisk: Cell_D_00000 111128
FabOnDisk: Cell_D_00000 129650
FabOnDisk: Cell_D_00000 277822
FabOnDisk: Cell_D_00000 148172
FabOnDisk: Cell_D_00000 166694
FabOnDisk: Cell_D_00000 185216
FabOnDisk: Cell_D_00000 203738

16,1
-1.71417569387938877e-104,
-1.33815225212631596e-86,
-1.24297588187222170e-68,
-8.32331603682309738e-51,
-7.73122464129024284e-34,
-3.39138579333819538e-18,
-3.84891927669375032e-17,
-7.40529502714953075e-17,
-6.66694991455381717e-17,
-1.08326004772872198e-16,
-4.77918654822215926e-17,
-9.47351251980967313e-17,
-2.32840661051750772e-21,
0.00000000000000000e+00,
0.00000000000000000e+00,
0.00000000000000000e+00,

16,1
2.65476004957707100e-105,
2.35521658189549110e-87,
4.93394882065568028e-68,
1.12676683681994704e-51,
1.15298000052267491e-34,
3.71266621814631330e-17,
4.10250240234402861e-17,
5.27776718991692788e-17,
5.25751212898564816e-17,
5.11419129980430044e-17,
5.49034328853482728e-17,
2.95124190482482600e-17,
1.30567125484521476e-22,
0.00000000000000000e+00,
0.00000000000000000e+00,
0.00000000000000000e+00,

