1
1
1
0
(16 0
((0,0,0) (31,7,8) (0,0,1))
((32,0,0) (63,7,8) (0,0,1))
((64,0,0) (95,7,8) (0,0,1))
((96,0,0) (127,7,8) (0,0,1))
((128,0,0) (159,7,8) (0,0,1))
((160,0,0) (191,7,8) (0,0,1))
((192,0,0) (223,7,8) (0,0,1))
((224,0,0) (255,7,8) (0,0,1))
((256,0,0) (287,7,8) (0,0,1))
((288,0,0) (319,7,8) (0,0,1))
((320,0,0) (351,7,8) (0,0,1))
((352,0,0) (383,7,8) (0,0,1))
((384,0,0) (415,7,8) (0,0,1))
((416,0,0) (447,7,8) (0,0,1))
((448,0,0) (479,7,8) (0,0,1))
((480,0,0) (511,7,8) (0,0,1))
)
16
FabOnDisk: Cell_D_00000 222260
FabOnDisk: Cell_D_00000 0
FabOnDisk: Cell_D_00000 18520
FabOnDisk: Cell_D_00000 240779
FabOnDisk: Cell_D_00000 37040
FabOnDisk: Cell_D_00000 55562
FabOnDisk: Cell_D_00000 74084
FabOnDisk: Cell_D_00000 92606
FabOnDisk: Cell_D_00000 259300
FabOnDisk: Cell_D_00000 111128
FabOnDisk: Cell_D_00000 129650
FabOnDisk: Cell_D_00000 277822
FabOnDisk: Cell_D_00000 148172
FabOnDisk: Cell_D_00000 166694
FabOnDisk: Cell_D_00000 185216
FabOnDisk: Cell_D_00000 203738

16,1
-1.59402291878357485e-86,
-7.11712315782086060e-69,
-3.05891944159434611e-53,
-1.21419494322800180e-35,
-4.12039469008509973e-18,
-7.50071271938128997e-18,
-1.00999426680545559e-17,
-5.93055829779423555e-18,
-8.39271459795546851e-18,
-1.40816722018227927e-17,
-7.82250099339912555e-18,
-7.63804815569038653e-18,
-3.14812827632977568e-18,
-2.70282985173266415e-18,
-4.22286771424035418e-17,
-4.49818802355159824e-17,

16,1
2.40276917196116932e-85,
3.82081395062697139e-69,
1.92332393813807469e-52,
1.25488011643355668e-34,
4.02803097360345912e-18,
5.70874143091509876e-18,
9.84978583837684698e-18,
8.85351777607240462e-18,
1.07533360834704946e-17,
1.53681050134131527e-17,
1.50984946092286151e-17,
9.02554396973312687e-18,
3.11449054257948940e-17,
2.09705909463273012e-17,
-7.56085486638748071e-18,
7.80092102248062873e-18,

