1
1
1
0
(16 0
((0,0,0) (31,7,8) (0,0,1))
((32,0,0) (63,7,8) (0,0,1))
((64,0,0) (95,7,8) (0,0,1))
((96,0,0) (127,7,8) (0,0,1))
((128,0,0) (159,7,8) (0,0,1))
((160,0,0) (191,7,8) (0,0,1))
((192,0,0) (223,7,8) (0,0,1))
((224,0,0) (255,7,8) (0,0,1))
((256,0,0) (287,7,8) (0,0,1))
((288,0,0) (319,7,8) (0,0,1))
((320,0,0) (351,7,8) (0,0,1))
((352,0,0) (383,7,8) (0,0,1))
((384,0,0) (415,7,8) (0,0,1))
((416,0,0) (447,7,8) (0,0,1))
((448,0,0) (479,7,8) (0,0,1))
((480,0,0) (511,7,8) (0,0,1))
)
16
FabOnDisk: Cell_D_00000 222260
FabOnDisk: Cell_D_00000 0
FabOnDisk: Cell_D_00000 18520
FabOnDisk: Cell_D_00000 240779
FabOnDisk: Cell_D_00000 37040
FabOnDisk: Cell_D_00000 55562
FabOnDisk: Cell_D_00000 74084
FabOnDisk: Cell_D_00000 92606
FabOnDisk: Cell_D_00000 259300
FabOnDisk: Cell_D_00000 111128
FabOnDisk: Cell_D_00000 129650
FabOnDisk: Cell_D_00000 277822
FabOnDisk: Cell_D_00000 148172
FabOnDisk: Cell_D_00000 166694
FabOnDisk: Cell_D_00000 185216
FabOnDisk: Cell_D_00000 203738

16,1
-5.49077880456775847e-105,
-2.82763991036466722e-87,
-5.83690565345730399e-69,
-3.59817829660908339e-51,
-3.93344851141327467e-36,
-3.06970499265039152e-18,
-8.95066869682314591e-18,
-7.93535166569840886e-18,
-1.60439617488052487e-17,
-1.43524876473146530e-17,
-1.96880088522555928e-17,
-2.70060691839328560e-17,
-1.12877218193989910e-21,
-1.37463800019667756e-21,
-2.09243384071077698e-21,
-1.31816606072594653e-18,

16,1
6.89498651090443442e-106,
3.66815160014645990e-86,
4.36848726057039669e-68,
3.58084393306000609e-52,
1.75803068265782710e-35,
5.30975841322480073e-18,
5.51687033275755539e-18,
7.52049133104990459e-18,
4.49358535422458359e-18,
5.79853474668747597e-18,
9.16005207644591708e-18,
6.35402057316545368e-19,
1.65710232974889652e-21,
1.61667286364240776e-21,
6.64952777164672292e-22,
7.17643168506671043e-19,

