1
1
1
0
(16 0
((0,0,0) (31,8,7) (0,1,0))
((32,0,0) (63,8,7) (0,1,0))
((64,0,0) (95,8,7) (0,1,0))
((96,0,0) (127,8,7) (0,1,0))
((128,0,0) (159,8,7) (0,1,0))
((160,0,0) (191,8,7) (0,1,0))
((192,0,0) (223,8,7) (0,1,0))
((224,0,0) (255,8,7) (0,1,0))
((256,0,0) (287,8,7) (0,1,0))
((288,0,0) (319,8,7) (0,1,0))
((320,0,0) (351,8,7) (0,1,0))
((352,0,0) (383,8,7) (0,1,0))
((384,0,0) (415,8,7) (0,1,0))
((416,0,0) (447,8,7) (0,1,0))
((448,0,0) (479,8,7) (0,1,0))
((480,0,0) (511,8,7) (0,1,0))
)
16
FabOnDisk: Cell_D_00000 222260
FabOnDisk: Cell_D_00000 0
FabOnDisk: Cell_D_00000 18520
FabOnDisk: Cell_D_00000 240779
FabOnDisk: Cell_D_00000 37040
FabOnDisk: Cell_D_00000 55562
FabOnDisk: Cell_D_00000 74084
FabOnDisk: Cell_D_00000 92606
FabOnDisk: Cell_D_00000 259300
FabOnDisk: Cell_D_00000 111128
FabOnDisk: Cell_D_00000 129650
FabOnDisk: Cell_D_00000 277822
FabOnDisk: Cell_D_00000 148172
FabOnDisk: Cell_D_00000 166694
FabOnDisk: Cell_D_00000 185216
FabOnDisk: Cell_D_00000 203738

16,1
1.00000000000000000e+00,
1.00000000000000000e+00,
1.00000000000000000e+00,
1.00000000000000000e+00,
1.00000000000000000e+00,
9.96713093991911880e-01,
6.31742158258729258e-01,
-5.45683357654984214e-01,
-5.39523467927546241e-01,
-9.02175385626822757e-01,
-9.10678423321002017e-01,
-9.84451534047815158e-01,
-1.00452854786381884e+00,
-1.00000000000000000e+00,
-1.00000000000000000e+00,
-1.00000000000000000e+00,

16,1
1.00000000000000000e+00,
1.00000000000000000e+00,
1.00000000000000000e+00,
1.00000000000000000e+00,
1.00000000000000000e+00,
1.00000004936547526e+00,
9.90345595870118278e-01,
6.20436222214376776e-01,
-5.26042943463962742e-01,
-5.29001219450404014e-01,
-8.96999430073338377e-01,
-8.87055527378177278e-01,
-9.89346322819318669e-01,
-1.00000000000000000e+00,
-1.00000000000000000e+00,
-1.00000000000000000e+00,

