1
1
1
0
(16 0
((0,0,0) (31,7,8) (0,0,1))
((32,0,0) (63,7,8) (0,0,1))
((64,0,0) (95,7,8) (0,0,1))
((96,0,0) (127,7,8) (0,0,1))
((128,0,0) (159,7,8) (0,0,1))
((160,0,0) (191,7,8) (0,0,1))
((192,0,0) (223,7,8) (0,0,1))
((224,0,0) (255,7,8) (0,0,1))
((256,0,0) (287,7,8) (0,0,1))
((288,0,0) (319,7,8) (0,0,1))
((320,0,0) (351,7,8) (0,0,1))
((352,0,0) (383,7,8) (0,0,1))
((384,0,0) (415,7,8) (0,0,1))
((416,0,0) (447,7,8) (0,0,1))
((448,0,0) (479,7,8) (0,0,1))
((480,0,0) (511,7,8) (0,0,1))
)
16
FabOnDisk: Cell_D_00000 222260
FabOnDisk: Cell_D_00000 0
FabOnDisk: Cell_D_00000 18520
FabOnDisk: Cell_D_00000 240779
FabOnDisk: Cell_D_00000 37040
FabOnDisk: Cell_D_00000 55562
FabOnDisk: Cell_D_00000 74084
FabOnDisk: Cell_D_00000 92606
FabOnDisk: Cell_D_00000 259300
FabOnDisk: Cell_D_00000 111128
FabOnDisk: Cell_D_00000 129650
FabOnDisk: Cell_D_00000 277822
FabOnDisk: Cell_D_00000 148172
FabOnDisk: Cell_D_00000 166694
FabOnDisk: Cell_D_00000 185216
FabOnDisk: Cell_D_00000 203738

16,1
-7.88592036972794884e-106,
-4.45715079975775821e-87,
-1.08190869005334058e-70,
-3.66197803262925490e-53,
-2.20478569110000577e-36,
-2.61351285925551006e-18,
-5.27120801076506145e-17,
-4.48066803210032560e-17,
-6.21060231588835615e-17,
-9.37937271265032396e-17,
-5.07564543673575479e-17,
-6.66376346396080360e-17,
-1.64530978810412719e-20,
-2.15923059498336469e-35,
-1.26863513419249825e-51,
-2.77670966799479211e-66,

16,1
4.33880862206058753e-106,
3.28517968313589581e-88,
1.13397859958153477e-69,
2.23195288893414557e-52,
6.57483725181980922e-36,
1.18138382524166643e-17,
4.00710496293180685e-17,
4.50405470124578364e-17,
4.62898397509527054e-17,
7.00258489098586160e-17,
6.62220352617676749e-17,
8.23460084115870417e-17,
1.61459970246545783e-20,
2.20741725783740853e-35,
1.02759624702889399e-51,
3.54941126750305467e-66,

