1
1
9
0
(16 0
((0,0,0) (31,7,7) (0,0,0))
((32,0,0) (63,7,7) (0,0,0))
((64,0,0) (95,7,7) (0,0,0))
((96,0,0) (127,7,7) (0,0,0))
((128,0,0) (159,7,7) (0,0,0))
((160,0,0) (191,7,7) (0,0,0))
((192,0,0) (223,7,7) (0,0,0))
((224,0,0) (255,7,7) (0,0,0))
((256,0,0) (287,7,7) (0,0,0))
((288,0,0) (319,7,7) (0,0,0))
((320,0,0) (351,7,7) (0,0,0))
((352,0,0) (383,7,7) (0,0,0))
((384,0,0) (415,7,7) (0,0,0))
((416,0,0) (447,7,7) (0,0,0))
((448,0,0) (479,7,7) (0,0,0))
((480,0,0) (511,7,7) (0,0,0))
)
16
FabOnDisk: Cell_D_00000 1770548
FabOnDisk: Cell_D_00000 0
FabOnDisk: Cell_D_00000 147544
FabOnDisk: Cell_D_00000 1918091
FabOnDisk: Cell_D_00000 295088
FabOnDisk: Cell_D_00000 442634
FabOnDisk: Cell_D_00000 590180
FabOnDisk: Cell_D_00000 737726
FabOnDisk: Cell_D_00000 2065636
FabOnDisk: Cell_D_00000 885272
FabOnDisk: Cell_D_00000 1032818
FabOnDisk: Cell_D_00000 2213182
FabOnDisk: Cell_D_00000 1180364
FabOnDisk: Cell_D_00000 1327910
FabOnDisk: Cell_D_00000 1475456
FabOnDisk: Cell_D_00000 1623002

16,9
1.00000000000000000e+00,0.00000000000000000e+00,0.00000000000000000e+00,-1.30532981881226695e-104,1.78125000000000000e+00,1.00000000000000000e+00,7.50000000000000000e-01,1.00000000000000000e+00,-1.71417569387938877e-104,
1.00000000000000000e+00,0.00000000000000000e+00,0.00000000000000000e+00,-1.06915091796462316e-86,1.78125000000000000e+00,1.00000000000000000e+00,7.50000000000000000e-01,1.00000000000000000e+00,-1.33815225212631596e-86,
1.00000000000000000e+00,0.00000000000000000e+00,0.00000000000000000e+00,-8.67965088815815066e-69,1.78125000000000000e+00,1.00000000000000000e+00,7.50000000000000000e-01,1.00000000000000000e+00,-1.24297588187222170e-68,
1.00000000000000000e+00,0.00000000000000000e+00,0.00000000000000000e+00,-5.36898439875543131e-51,1.78125000000000000e+00,1.00000000000000000e+00,7.50000000000000000e-01,1.00000000000000000e+00,-8.32331603682309738e-51,
1.00000000000000000e+00,0.00000000000000000e+00,0.00000000000000000e+00,-5.13355567663132573e-34,1.78125000000000000e+00,1.00000000000000000e+00,7.50000000000000000e-01,1.00000000000000000e+00,-7.73122464129024284e-34,
9.99999999999916733e-01,-8.94830791097356641e-16,-2.31282402240639649e-14,-2.52451783222433584e-18,1.78124999999975420e+00,9.99999999999834688e-01,7.50000000000000000e-01,9.99999999999944600e-01,-3.39138579333819538e-18,
8.05895373555560846e-01,-3.18983688303510380e-07,-9.58559256198553700e-02,-4.32837996119125106e-17,1.27811939368505834e+00,6.49125511526279619e-01,7.50000000000000000e-01,7.58305574085095468e-01,-3.84891927669375032e-17,
6.75805956828337329e-01,3.09968213289808725e-01,-1.13128140793686272e+00,-4.18738861168415608e-17,1.06455928058122273e+00,4.56170401438207529e-01,7.50000000000000000e-01,-5.35903122359429274e-01,-7.40529502714953075e-17,
2.30252350303242703e-01,1.34740829916476568e-01,-1.13258184106864501e+00,-4.17980040486356692e-17,1.26062659644660813e+00,4.91620873631306299e-02,7.50000000000000000e-01,-5.44862765197725585e-01,-6.66694991455381717e-17,
1.14937254236626138e-01,-3.26280845311921266e-02,-3.74679616037748797e-01,-2.31022815933964378e-17,7.47669351068637744e-01,8.46828714670330440e-02,7.50000000000000000e-01,-9.07878009927313379e-01,-1.08326004772872198e-16,
1.15578540212111072e-01,-3.27112461238644597e-02,-2.29907521203988746e-02,-2.71528170424960220e-17,7.65161070737914506e-01,8.54794093554265555e-02,7.50000000000000000e-01,-9.94914391912100515e-01,-4.77918654822215926e-17,
1.24848056609376590e-01,-5.59730135115913069e-04,-3.72350302541143042e-04,-2.02194347182126835e-17,8.79187774294704960e-01,9.97569905720298855e-02,7.50000000000000000e-01,-1.01448277423937028e+00,-9.47351251980967313e-17,
1.25000000000000000e-01,0.00000000000000000e+00,0.00000000000000000e+00,-4.32528594028897228e-23,8.81249999999999978e-01,1.00000000000000006e-01,7.50000000000000000e-01,-1.00000000000000000e+00,-2.32840661051750772e-21,
1.25000000000000000e-01,0.00000000000000000e+00,0.00000000000000000e+00,-1.28081835865373628e-38,8.81249999999999978e-01,1.00000000000000006e-01,7.50000000000000000e-01,-1.00000000000000000e+00,0.00000000000000000e+00,
1.25000000000000000e-01,0.00000000000000000e+00,0.00000000000000000e+00,-1.73231603442454299e-59,8.81249999999999978e-01,1.00000000000000006e-01,7.50000000000000000e-01,-1.00000000000000000e+00,0.00000000000000000e+00,
1.25000000000000000e-01,0.00000000000000000e+00,0.00000000000000000e+00,-4.25223962197119874e-81,8.81249999999999978e-01,1.00000000000000006e-01,7.50000000000000000e-01,-1.00000000000000000e+00,0.00000000000000000e+00,

16,9
1.00000000000000000e+00,0.00000000000000000e+00,0.00000000000000000e+00,7.20870517704310628e-105,1.78125000000000000e+00,1.00000000000000000e+00,7.50000000000000000e-01,1.00000000000000000e+00,2.65476004957707100e-105,
1.00000000000000000e+00,0.00000000000000000e+00,0.00000000000000000e+00,1.64266491873406874e-87,1.78125000000000000e+00,1.00000000000000000e+00,7.50000000000000000e-01,1.00000000000000000e+00,2.35521658189549110e-87,
1.00000000000000000e+00,0.00000000000000000e+00,0.00000000000000000e+00,4.15267742131537708e-68,1.78125000000000000e+00,1.00000000000000000e+00,7.50000000000000000e-01,1.00000000000000000e+00,4.93394882065568028e-68,
1.00000000000000000e+00,0.00000000000000000e+00,0.00000000000000000e+00,8.03772083203023494e-52,1.78125000000000000e+00,1.00000000000000000e+00,7.50000000000000000e-01,1.00000000000000000e+00,1.12676683681994704e-51,
1.00000000000000000e+00,0.00000000000000000e+00,0.00000000000000000e+00,8.27030304712069198e-35,1.78125000000000000e+00,1.00000000000000000e+00,7.50000000000000000e-01,1.00000000000000000e+00,1.15298000052267491e-34,
1.00000000000000000e+00,1.41866364679966600e-13,0.00000000000000000e+00,1.70174723725395089e-17,1.78125000000000178e+00,1.00000000000000044e+00,7.50000000000000000e-01,1.00000000000000000e+00,3.71266621814631330e-17,
1.00000018059548945e+00,2.95472072476373915e-01,8.66957645671586652e-08,4.68083508493630648e-17,1.78125057709748846e+00,1.00000036119100644e+00,7.50000000000000000e-01,1.00000021292009800e+00,4.10250240234402861e-17,
8.27043404762333623e-01,4.34372123634432949e-01,-1.01550983301723227e-01,5.40857602210016693e-17,1.96820667053060783e+00,6.82819307452673274e-01,7.50000000000000000e-01,7.43014350957595715e-01,5.27776718991692788e-17,
7.15622172424715708e-01,4.33734835328571933e-01,-3.63457480368931163e-01,2.95125292540293065e-17,1.97492932099200114e+00,4.94313338014471193e-01,7.50000000000000000e-01,-5.22836534568462130e-01,5.25751212898564816e-17,
2.39780631636754421e-01,1.45759988823623399e-01,-1.84665530572869566e-02,2.69202295122096129e-17,1.28334679936900442e+00,3.75069803769086996e-01,7.50000000000000000e-01,-5.31618554681658417e-01,5.11419129980430044e-17,
1.24575652219365354e-01,-1.55867991596033632e-03,-1.03597877737461857e-03,1.49583754148082986e-17,8.75519711608649165e-01,9.93182198742443706e-02,7.50000000000000000e-01,-8.84862582292982314e-01,5.49034328853482728e-17,
1.26215220405837963e-01,4.50878607461276462e-03,2.95693531182227151e-03,2.59524218102850189e-17,8.97932183009259921e-01,1.01952037796859518e-01,7.50000000000000000e-01,-9.98161981057463010e-01,2.95124190482482600e-17,
1.25000000000000000e-01,0.00000000000000000e+00,0.00000000000000000e+00,8.29337246594136889e-22,8.81249999999999978e-01,1.00000000000000006e-01,7.50000000000000000e-01,-1.00000000000000000e+00,1.30567125484521476e-22,
1.25000000000000000e-01,0.00000000000000000e+00,0.00000000000000000e+00,2.10688883929480969e-37,8.81249999999999978e-01,1.00000000000000006e-01,7.50000000000000000e-01,-1.00000000000000000e+00,0.00000000000000000e+00,
1.25000000000000000e-01,0.00000000000000000e+00,0.00000000000000000e+00,1.42937647221959882e-60,8.81249999999999978e-01,1.00000000000000006e-01,7.50000000000000000e-01,-1.00000000000000000e+00,0.00000000000000000e+00,
1.25000000000000000e-01,0.00000000000000000e+00,0.00000000000000000e+00,3.43279751326347805e-82,8.81249999999999978e-01,1.00000000000000006e-01,7.50000000000000000e-01,-1.00000000000000000e+00,0.00000000000000000e+00,

