1
1
1
0
(16 0
((0,0,0) (31,7,8) (0,0,1))
((32,0,0) (63,7,8) (0,0,1))
((64,0,0) (95,7,8) (0,0,1))
((96,0,0) (127,7,8) (0,0,1))
((128,0,0) (159,7,8) (0,0,1))
((160,0,0) (191,7,8) (0,0,1))
((192,0,0) (223,7,8) (0,0,1))
((224,0,0) (255,7,8) (0,0,1))
((256,0,0) (287,7,8) (0,0,1))
((288,0,0) (319,7,8) (0,0,1))
((320,0,0) (351,7,8) (0,0,1))
((352,0,0) (383,7,8) (0,0,1))
((384,0,0) (415,7,8) (0,0,1))
((416,0,0) (447,7,8) (0,0,1))
((448,0,0) (479,7,8) (0,0,1))
((480,0,0) (511,7,8) (0,0,1))
)
16
FabOnDisk: Cell_D_00000 222260
FabOnDisk: Cell_D_00000 0
FabOnDisk: Cell_D_00000 18520
FabOnDisk: Cell_D_00000 240779
FabOnDisk: Cell_D_00000 37040
FabOnDisk: Cell_D_00000 55562
FabOnDisk: Cell_D_00000 74084
FabOnDisk: Cell_D_00000 92606
FabOnDisk: Cell_D_00000 259300
FabOnDisk: Cell_D_00000 111128
FabOnDisk: Cell_D_00000 129650
FabOnDisk: Cell_D_00000 277822
FabOnDisk: Cell_D_00000 148172
FabOnDisk: Cell_D_00000 166694
FabOnDisk: Cell_D_00000 185216
FabOnDisk: Cell_D_00000 203738

16,1
-6.29132838937071160e-84,
-9.81307393306931686e-69,
-3.39478374007735059e-51,
-6.58924429394562138e-34,
-3.03652127257362266e-18,
-9.65511119136775284e-18,
-7.00310393874158775e-18,
-7.91586793532384568e-18,
-1.59076918138084683e-17,
-1.81404346298914442e-17,
-1.52533783531907528e-17,
-1.73343826808765820e-17,
-2.32342187324487990e-17,
-1.61106709325563697e-17,
-9.37901640657337256e-19,
-2.69942762429859146e-20,

16,1
6.74541516476761353e-85,
9.32152961345198160e-68,
3.09661004742814602e-52,
9.18147654876239979e-34,
3.41241719536446254e-18,
8.90104444097414808e-18,
7.60965631746065963e-18,
5.58976485037165634e-18,
2.96162466521389585e-18,
9.13286371812161826e-18,
9.94965495746636789e-18,
6.58500034823307860e-18,
-1.00387057878894810e-19,
-6.82746431621828405e-20,
3.23861634744054699e-19,
8.19787102423450475e-22,

