1
1
1
0
(16 0
((0,0,0) (31,7,8) (0,0,1))
((32,0,0) (63,7,8) (0,0,1))
((64,0,0) (95,7,8) (0,0,1))
((96,0,0) (127,7,8) (0,0,1))
((128,0,0) (159,7,8) (0,0,1))
((160,0,0) (191,7,8) (0,0,1))
((192,0,0) (223,7,8) (0,0,1))
((224,0,0) (255,7,8) (0,0,1))
((256,0,0) (287,7,8) (0,0,1))
((288,0,0) (319,7,8) (0,0,1))
((320,0,0) (351,7,8) (0,0,1))
((352,0,0) (383,7,8) (0,0,1))
((384,0,0) (415,7,8) (0,0,1))
((416,0,0) (447,7,8) (0,0,1))
((448,0,0) (479,7,8) (0,0,1))
((480,0,0) (511,7,8) (0,0,1))
)
16
FabOnDisk: Cell_D_00000 222260
FabOnDisk: Cell_D_00000 0
FabOnDisk: Cell_D_00000 18520
FabOnDisk: Cell_D_00000 240779
FabOnDisk: Cell_D_00000 37040
FabOnDisk: Cell_D_00000 55562
FabOnDisk: Cell_D_00000 74084
FabOnDisk: Cell_D_00000 92606
FabOnDisk: Cell_D_00000 259300
FabOnDisk: Cell_D_00000 111128
FabOnDisk: Cell_D_00000 129650
FabOnDisk: Cell_D_00000 277822
FabOnDisk: Cell_D_00000 148172
FabOnDisk: Cell_D_00000 166694
FabOnDisk: Cell_D_00000 185216
FabOnDisk: Cell_D_00000 203738

16,1
-7.21235180450778320e-78,
-5.88016783399681528e-60,
-9.05701690733964395e-44,
-9.68683740810982472e-27,
-7.79089394589712010e-18,
-4.77734259081690841e-18,
-8.60284126069816689e-18,
-9.01618579882907587e-18,
-1.19618784571884000e-17,
-2.44330641821256442e-17,
-1.44568592794615674e-17,
-1.32609799990729693e-17,
-1.85499269105897941e-17,
-2.15456924800835693e-17,
-1.65829176495761671e-17,
-1.72098407834024010e-21,

16,1
7.34748741007589673e-78,
4.32294372893901725e-61,
1.40551494515134430e-44,
1.05541718137096653e-25,
7.75675792457483554e-18,
4.73905063536985327e-18,
4.93670992762583128e-18,
6.73698988429861606e-18,
9.22272540754116945e-18,
1.90035155618923071e-17,
1.40270441621478887e-17,
6.26446500045393495e-18,
3.82692561412071029e-19,
-1.88743298255514317e-18,
9.70203100090440983e-22,
1.07183231876364111e-21,

