1
1
1
0
(16 0
((0,0,0) (31,7,8) (0,0,1))
((32,0,0) (63,7,8) (0,0,1))
((64,0,0) (95,7,8) (0,0,1))
((96,0,0) (127,7,8) (0,0,1))
((128,0,0) (159,7,8) (0,0,1))
((160,0,0) (191,7,8) (0,0,1))
((192,0,0) (223,7,8) (0,0,1))
((224,0,0) (255,7,8) (0,0,1))
((256,0,0) (287,7,8) (0,0,1))
((288,0,0) (319,7,8) (0,0,1))
((320,0,0) (351,7,8) (0,0,1))
((352,0,0) (383,7,8) (0,0,1))
((384,0,0) (415,7,8) (0,0,1))
((416,0,0) (447,7,8) (0,0,1))
((448,0,0) (479,7,8) (0,0,1))
((480,0,0) (511,7,8) (0,0,1))
)
16
FabOnDisk: Cell_D_00000 222260
FabOnDisk: Cell_D_00000 0
FabOnDisk: Cell_D_00000 18520
FabOnDisk: Cell_D_00000 240779
FabOnDisk: Cell_D_00000 37040
FabOnDisk: Cell_D_00000 55562
FabOnDisk: Cell_D_00000 74084
FabOnDisk: Cell_D_00000 92606
FabOnDisk: Cell_D_00000 259300
FabOnDisk: Cell_D_00000 111128
FabOnDisk: Cell_D_00000 129650
FabOnDisk: Cell_D_00000 277822
FabOnDisk: Cell_D_00000 148172
FabOnDisk: Cell_D_00000 166694
FabOnDisk: Cell_D_00000 185216
FabOnDisk: Cell_D_00000 203738

16,1
-5.79650121625164140e-119,
-9.24315552682198983e-100,
-6.90232532326553799e-81,
-3.97490807435085016e-61,
-4.75421621394666962e-43,
-1.10268988591663793e-26,
-5.97302586990498915e-17,
-5.00284436927330610e-17,
-5.53542004571988800e-17,
-6.47382942961055197e-17,
-6.03982881690087679e-17,
-7.41957292135237396e-19,
0.00000000000000000e+00,
0.00000000000000000e+00,
0.00000000000000000e+00,
0.00000000000000000e+00,

16,1
3.40496517836741020e-120,
4.72628004172013995e-99,
4.53124654319165480e-80,
2.02820199330100919e-61,
4.37347874488033039e-44,
5.88306803001444838e-26,
3.53360989936866568e-17,
4.47813904326339816e-17,
5.61188908665351604e-17,
4.58220973478207652e-17,
2.42478493361088046e-17,
7.76513644560254326e-21,
0.00000000000000000e+00,
0.00000000000000000e+00,
0.00000000000000000e+00,
0.00000000000000000e+00,

