1
1
9
0
(16 0
((0,0,0) (31,7,7) (0,0,0))
((32,0,0) (63,7,7) (0,0,0))
((64,0,0) (95,7,7) (0,0,0))
((96,0,0) (127,7,7) (0,0,0))
((128,0,0) (159,7,7) (0,0,0))
((160,0,0) (191,7,7) (0,0,0))
((192,0,0) (223,7,7) (0,0,0))
((224,0,0) (255,7,7) (0,0,0))
((256,0,0) (287,7,7) (0,0,0))
((288,0,0) (319,7,7) (0,0,0))
((320,0,0) (351,7,7) (0,0,0))
((352,0,0) (383,7,7) (0,0,0))
((384,0,0) (415,7,7) (0,0,0))
((416,0,0) (447,7,7) (0,0,0))
((448,0,0) (479,7,7) (0,0,0))
((480,0,0) (511,7,7) (0,0,0))
)
16
FabOnDisk: Cell_D_00000 1770548
FabOnDisk: Cell_D_00000 0
FabOnDisk: Cell_D_00000 147544
FabOnDisk: Cell_D_00000 1918091
FabOnDisk: Cell_D_00000 295088
FabOnDisk: Cell_D_00000 442634
FabOnDisk: Cell_D_00000 590180
FabOnDisk: Cell_D_00000 737726
FabOnDisk: Cell_D_00000 2065636
FabOnDisk: Cell_D_00000 885272
FabOnDisk: Cell_D_00000 1032818
FabOnDisk: Cell_D_00000 2213182
FabOnDisk: Cell_D_00000 1180364
FabOnDisk: Cell_D_00000 1327910
FabOnDisk: Cell_D_00000 1475456
FabOnDisk: Cell_D_00000 1623002

16,9
1.00000000000000000e+00,0.00000000000000000e+00,0.00000000000000000e+00,-4.67973096130842422e-84,1.78125000000000000e+00,1.00000000000000000e+00,7.50000000000000000e-01,1.00000000000000000e+00,-6.29132838937071160e-84,
1.00000000000000000e+00,0.00000000000000000e+00,0.00000000000000000e+00,-7.86730402681949713e-69,1.78125000000000000e+00,1.00000000000000000e+00,7.50000000000000000e-01,1.00000000000000000e+00,-9.81307393306931686e-69,
1.00000000000000000e+00,0.00000000000000000e+00,0.00000000000000000e+00,-2.69058223571102717e-51,1.78125000000000000e+00,1.00000000000000000e+00,7.50000000000000000e-01,1.00000000000000000e+00,-3.39478374007735059e-51,
1.00000000000000000e+00,0.00000000000000000e+00,0.00000000000000000e+00,-5.11068986561189039e-34,1.78125000000000000e+00,1.00000000000000000e+00,7.50000000000000000e-01,1.00000000000000000e+00,-6.58924429394562138e-34,
9.99999999999567346e-01,-4.92675030565144863e-11,-2.18986102296949728e-13,-1.20763521902018633e-18,1.78124999999861000e+00,9.99999999999134470e-01,7.50000000000000000e-01,9.99999999999475420e-01,-3.03652127257362266e-18,
8.81391355213806293e-01,-7.86125315335397106e-08,-5.91665720554054031e-02,-8.05255336623066708e-18,1.44602540862509432e+00,7.76718422685183651e-01,7.50000000000000000e-01,8.54082509013166069e-01,-9.65511119136775284e-18,
6.74171308443936468e-01,2.04381604352535745e-01,-1.58869374486914267e-01,-4.71025303372551634e-18,1.06247216750521978e+00,4.54177771743532521e-01,7.50000000000000000e-01,5.81967174538345011e-01,-7.00310393874158775e-18,
6.76376445707396079e-01,3.71935807466106161e-01,-1.11485450913261719e+00,-8.61380357947482129e-18,1.06493731544227965e+00,4.57087702637861526e-01,7.50000000000000000e-01,-5.38710637455482422e-01,-7.91586793532384568e-18,
2.28783222193348845e-01,1.35317841083772844e-01,-1.11614766196312698e+00,-1.08793331741146207e-17,1.26286707754449101e+00,1.35455929851005685e-01,7.50000000000000000e-01,-5.39368309320139128e-01,-1.59076918138084683e-17,
1.85754692646806829e-01,5.51878762145230212e-02,-3.76400876280742980e-01,-4.66195855733831383e-18,9.70572117284802527e-01,2.49242685562906380e-01,7.50000000000000000e-01,-7.02431758558427322e-01,-1.81404346298914442e-17,
1.16557770235586250e-01,-2.95040627191842479e-02,-6.96247919091678158e-02,-4.05470110663888275e-18,7.76102798748210865e-01,8.69346683118062680e-02,7.50000000000000000e-01,-9.05400762707658346e-01,-1.52533783531907528e-17,
1.16596678953596183e-01,-2.93764077821789121e-02,-2.05035560793313532e-02,-3.12750736074094411e-18,7.76557502554277579e-01,8.69958770655318153e-02,7.50000000000000000e-01,-9.10388270057054139e-01,-1.73343826808765820e-17,
1.15670609120298806e-01,-3.24180395420193071e-02,-2.27699726422048061e-02,-4.97308496354414368e-19,7.66163761348617522e-01,8.56222015416964743e-02,7.50000000000000000e-01,-9.86948314806451510e-01,-2.32342187324487990e-17,
1.24273989117532999e-01,-2.66250260440263663e-03,-1.76967855473432988e-03,-1.57090078176552206e-18,8.71469237897483984e-01,9.88408199093468581e-02,7.50000000000000000e-01,-1.00529858194095922e+00,-1.61106709325563697e-17,
1.24999999999999986e-01,-1.46242945112281689e-17,0.00000000000000000e+00,-3.31690851539533416e-19,8.81249999999999867e-01,9.99999999999999917e-02,7.50000000000000000e-01,-1.00000000000000000e+00,-9.37901640657337256e-19,
1.24999999999999986e-01,-9.25656848045673097e-17,0.00000000000000000e+00,-9.61368064566712008e-21,8.81249999999999867e-01,9.99999999999999500e-02,7.50000000000000000e-01,-1.00000000000000000e+00,-2.69942762429859146e-20,

16,9
1.00000000000000000e+00,0.00000000000000000e+00,0.00000000000000000e+00,5.14969620678212150e-85,1.78125000000000000e+00,1.00000000000000000e+00,7.50000000000000000e-01,1.00000000000000000e+00,6.74541516476761353e-85,
1.00000000000000000e+00,0.00000000000000000e+00,0.00000000000000000e+00,7.29664975879728887e-68,1.78125000000000000e+00,1.00000000000000000e+00,7.50000000000000000e-01,1.00000000000000000e+00,9.32152961345198160e-68,
1.00000000000000000e+00,0.00000000000000000e+00,0.00000000000000000e+00,2.48519065453275332e-52,1.78125000000000000e+00,1.00000000000000000e+00,7.50000000000000000e-01,1.00000000000000000e+00,3.09661004742814602e-52,
1.00000000000000000e+00,0.00000000000000000e+00,0.00000000000000000e+00,8.21666163060674197e-34,1.78125000000000000e+00,1.00000000000000000e+00,7.50000000000000000e-01,1.00000000000000000e+00,9.18147654876239979e-34,
1.00000000002748424e+00,7.74330960679925421e-13,1.39444969346909424e-11,1.20993897647168062e-18,1.78125000008828560e+00,1.00000000005496847e+00,7.50000000000000000e-01,1.00000000003331779e+00,3.41241719536446254e-18,
1.00000004386172270e+00,1.93274943309396763e-01,2.22504743093137341e-08,5.43635294131065960e-18,1.78125014089595735e+00,1.00000008772344717e+00,7.50000000000000000e-01,1.00000005317247864e+00,8.90104444097414808e-18,
8.73744361137553494e-01,4.32389060034541861e-01,-6.29138280409589357e-02,4.20722185044018250e-18,1.42745999821588487e+00,7.63288595406253934e-01,7.50000000000000000e-01,8.44503378904778113e-01,7.60965631746065963e-18,
8.23524386906220318e-01,4.33165210430506042e-01,-1.56263248768215679e-01,7.43006986495225103e-18,1.94660178968831543e+00,6.69035614539507328e-01,7.50000000000000000e-01,5.89624004877904562e-01,5.58976485037165634e-18,
7.04780725864484814e-01,4.23894596092999787e-01,-3.62638160437907586e-01,6.32504787478683593e-18,1.95676040830302123e+00,4.91443265688503994e-01,7.50000000000000000e-01,-5.30758323519712416e-01,2.96162466521389585e-18,
2.36641776818304950e-01,1.43534220713426808e-01,-2.01331468218296811e-01,2.98385914084300025e-18,1.28430545842877497e+00,4.12654353850231248e-01,7.50000000000000000e-01,-5.28266702462342308e-01,9.13286371812161826e-18,
1.37385619851922325e-01,-6.69370270017775621e-03,-1.89608492831906811e-02,4.34397086684541879e-18,8.03851755553838254e-01,1.23143277830714659e-01,7.50000000000000000e-01,-8.43580315420271454e-01,9.94965495746636789e-18,
1.17631561169639409e-01,-2.59305714581219079e-02,-1.79725979862756374e-02,3.49835718748778634e-18,7.88443369209567368e-01,8.85487765577296915e-02,7.50000000000000000e-01,-8.97548175150731153e-01,6.58500034823307860e-18,
1.23912113149507924e-01,-3.98100452451802343e-03,-2.65157882264261714e-03,4.06323712784230653e-18,8.66645621112652309e-01,9.82657406656055887e-02,7.50000000000000000e-01,-8.86001188593450784e-01,-1.00387057878894810e-19,
1.25443074839456242e-01,1.63652384408729526e-03,1.07973910633797805e-03,4.51399751206111517e-18,8.87288416071460140e-01,1.00709992856829120e-01,7.50000000000000000e-01,-9.91295600448386494e-01,-6.82746431621828405e-20,
1.24999999999999986e-01,-9.73933100079042682e-18,0.00000000000000000e+00,1.13614189192819788e-19,8.81249999999999867e-01,9.99999999999999917e-02,7.50000000000000000e-01,-1.00000000000000000e+00,3.23861634744054699e-19,
1.25000000000000000e-01,-9.73904372149295212e-18,0.00000000000000000e+00,9.12139243323117551e-22,8.81249999999999978e-01,1.00000000000000075e-01,7.50000000000000000e-01,-1.00000000000000000e+00,8.19787102423450475e-22,

